444942,1191_BNG_pbc.tsv,100000,10,200
444942,1191_BNG_pbc.tsv,100000,10,500
444942,1191_BNG_pbc.tsv,100000,10,1000
444942,1191_BNG_pbc.tsv,100000,10,2000
444942,1191_BNG_pbc.tsv,100000,10,5000
444942,1191_BNG_pbc.tsv,100000,10,10000
444942,1191_BNG_pbc.tsv,100000,20,200
444942,1191_BNG_pbc.tsv,100000,20,500
444942,1191_BNG_pbc.tsv,100000,20,1000
444942,1191_BNG_pbc.tsv,100000,20,2000
444942,1191_BNG_pbc.tsv,100000,20,5000
444942,1191_BNG_pbc.tsv,100000,20,10000
444942,1191_BNG_pbc.tsv,100000,50,200
444942,1191_BNG_pbc.tsv,100000,50,500
444942,1191_BNG_pbc.tsv,100000,50,1000
444942,1191_BNG_pbc.tsv,100000,50,2000
444942,1191_BNG_pbc.tsv,100000,50,5000
444942,1191_BNG_pbc.tsv,100000,50,10000
444942,1191_BNG_pbc.tsv,100000,100,200
444942,1191_BNG_pbc.tsv,100000,100,500
444942,1191_BNG_pbc.tsv,100000,100,1000
444942,1191_BNG_pbc.tsv,100000,100,2000
444942,1191_BNG_pbc.tsv,100000,100,5000
444942,1191_BNG_pbc.tsv,100000,100,10000
444942,1191_BNG_pbc.tsv,250000,10,200
444942,1191_BNG_pbc.tsv,250000,10,500
444942,1191_BNG_pbc.tsv,250000,10,1000
444942,1191_BNG_pbc.tsv,250000,10,2000
444942,1191_BNG_pbc.tsv,250000,10,5000
444942,1191_BNG_pbc.tsv,250000,10,10000
444942,1191_BNG_pbc.tsv,250000,20,200
444942,1191_BNG_pbc.tsv,250000,20,500
444942,1191_BNG_pbc.tsv,250000,20,1000
444942,1191_BNG_pbc.tsv,250000,20,2000
444942,1191_BNG_pbc.tsv,250000,20,5000
444942,1191_BNG_pbc.tsv,250000,20,10000
444942,1191_BNG_pbc.tsv,250000,50,200
444942,1191_BNG_pbc.tsv,250000,50,500
444942,1191_BNG_pbc.tsv,250000,50,1000
444942,1191_BNG_pbc.tsv,250000,50,2000
444942,1191_BNG_pbc.tsv,250000,50,5000
444942,1191_BNG_pbc.tsv,250000,50,10000
444942,1191_BNG_pbc.tsv,250000,100,200
444942,1191_BNG_pbc.tsv,250000,100,500
444942,1191_BNG_pbc.tsv,250000,100,1000
444942,1191_BNG_pbc.tsv,250000,100,2000
444942,1191_BNG_pbc.tsv,250000,100,5000
444942,1191_BNG_pbc.tsv,250000,100,10000
444942,1191_BNG_pbc.tsv,500000,10,200
444942,1191_BNG_pbc.tsv,500000,10,500
444942,1191_BNG_pbc.tsv,500000,10,1000
444942,1191_BNG_pbc.tsv,500000,10,2000
444942,1191_BNG_pbc.tsv,500000,10,5000
444942,1191_BNG_pbc.tsv,500000,10,10000
