55414,1196_BNG_pharynx.tsv,250000,50,200
55414,1196_BNG_pharynx.tsv,250000,50,500
55414,1196_BNG_pharynx.tsv,250000,50,1000
55414,1196_BNG_pharynx.tsv,250000,50,2000
55414,1196_BNG_pharynx.tsv,250000,50,5000
55414,1196_BNG_pharynx.tsv,250000,50,10000
55414,1196_BNG_pharynx.tsv,250000,100,200
55414,1196_BNG_pharynx.tsv,250000,100,500
55414,1196_BNG_pharynx.tsv,250000,100,1000
55414,1196_BNG_pharynx.tsv,250000,100,2000
55414,1196_BNG_pharynx.tsv,250000,100,5000
55414,1196_BNG_pharynx.tsv,250000,100,10000
55414,1196_BNG_pharynx.tsv,500000,10,200
55414,1196_BNG_pharynx.tsv,500000,10,500
55414,1196_BNG_pharynx.tsv,500000,10,1000
55414,1196_BNG_pharynx.tsv,500000,10,2000
55414,1196_BNG_pharynx.tsv,500000,10,5000
55414,1196_BNG_pharynx.tsv,500000,10,10000
55414,1196_BNG_pharynx.tsv,500000,20,200
55414,1196_BNG_pharynx.tsv,500000,20,500
55414,1196_BNG_pharynx.tsv,500000,20,1000
55414,1196_BNG_pharynx.tsv,500000,20,2000
55414,1196_BNG_pharynx.tsv,500000,20,5000
55414,1196_BNG_pharynx.tsv,500000,20,10000
55414,1196_BNG_pharynx.tsv,500000,50,200
55414,1196_BNG_pharynx.tsv,500000,50,500
55414,1196_BNG_pharynx.tsv,500000,50,1000
55414,1196_BNG_pharynx.tsv,500000,50,2000
55414,1196_BNG_pharynx.tsv,500000,50,5000
55414,1196_BNG_pharynx.tsv,500000,50,10000
55414,1196_BNG_pharynx.tsv,500000,100,200
55414,1196_BNG_pharynx.tsv,500000,100,500
55414,1196_BNG_pharynx.tsv,500000,100,1000
55414,1196_BNG_pharynx.tsv,500000,100,2000
55414,1196_BNG_pharynx.tsv,500000,100,5000
55414,1196_BNG_pharynx.tsv,500000,100,10000
55414,1595_poker.tsv,100000,10,200
55414,1595_poker.tsv,100000,10,500
55414,1595_poker.tsv,100000,10,1000
55414,1595_poker.tsv,100000,10,2000
55414,1595_poker.tsv,100000,10,5000
55414,1595_poker.tsv,100000,10,10000
55414,1595_poker.tsv,100000,20,200
55414,1595_poker.tsv,100000,20,500
55414,1595_poker.tsv,100000,20,1000
55414,1595_poker.tsv,100000,20,2000
55414,1595_poker.tsv,100000,20,5000
55414,1595_poker.tsv,100000,20,10000
55414,1595_poker.tsv,100000,50,200
55414,1595_poker.tsv,100000,50,500
55414,1595_poker.tsv,100000,50,1000
55414,1595_poker.tsv,100000,50,2000
55414,1595_poker.tsv,100000,50,5000
55414,1595_poker.tsv,100000,50,10000
