192969,1191_BNG_pbc.tsv,100000,100,10000
192969,1191_BNG_pbc.tsv,250000,50,10000
192969,1191_BNG_pbc.tsv,250000,100,2000
192969,1191_BNG_pbc.tsv,250000,100,5000
192969,1191_BNG_pbc.tsv,250000,100,10000
192969,1191_BNG_pbc.tsv,500000,10,10000
192969,1191_BNG_pbc.tsv,500000,20,5000
192969,1191_BNG_pbc.tsv,500000,20,10000
192969,1191_BNG_pbc.tsv,500000,50,5000
192969,1191_BNG_pbc.tsv,500000,50,10000
192969,1191_BNG_pbc.tsv,500000,100,1000
192969,1191_BNG_pbc.tsv,500000,100,2000
192969,1191_BNG_pbc.tsv,500000,100,5000
192969,1191_BNG_pbc.tsv,500000,100,10000
192969,1196_BNG_pharynx.tsv,100000,100,10000
192969,1196_BNG_pharynx.tsv,250000,20,10000
192969,1196_BNG_pharynx.tsv,250000,50,5000
192969,1196_BNG_pharynx.tsv,250000,50,10000
192969,1196_BNG_pharynx.tsv,250000,100,2000
192969,1196_BNG_pharynx.tsv,250000,100,5000
192969,1196_BNG_pharynx.tsv,250000,100,10000
192969,1196_BNG_pharynx.tsv,500000,10,10000
192969,1196_BNG_pharynx.tsv,500000,20,5000
192969,1196_BNG_pharynx.tsv,500000,20,10000
192969,1196_BNG_pharynx.tsv,500000,50,2000
192969,1196_BNG_pharynx.tsv,500000,50,5000
192969,1196_BNG_pharynx.tsv,500000,50,10000
192969,1196_BNG_pharynx.tsv,500000,100,1000
192969,1196_BNG_pharynx.tsv,500000,100,2000
192969,1196_BNG_pharynx.tsv,500000,100,5000
192969,1196_BNG_pharynx.tsv,500000,100,10000
192969,1595_poker.tsv,100000,50,10000
192969,1595_poker.tsv,100000,100,5000
192969,1595_poker.tsv,100000,100,10000
192969,1595_poker.tsv,250000,20,10000
192969,1595_poker.tsv,250000,50,5000
192969,1595_poker.tsv,250000,50,10000
192969,1595_poker.tsv,250000,100,5000
192969,1595_poker.tsv,250000,100,10000
192969,1595_poker.tsv,500000,10,10000
192969,1595_poker.tsv,500000,20,5000
192969,1595_poker.tsv,500000,20,10000
192969,1595_poker.tsv,500000,50,2000
192969,1595_poker.tsv,500000,50,5000
192969,1595_poker.tsv,500000,50,10000
192969,1595_poker.tsv,500000,100,1000
192969,1595_poker.tsv,500000,100,2000
192969,1595_poker.tsv,500000,100,5000
192969,1595_poker.tsv,500000,100,10000
226290,1191_BNG_pbc.tsv,100000,100,10000
226290,1191_BNG_pbc.tsv,250000,50,5000
226290,1191_BNG_pbc.tsv,250000,50,10000
226290,1191_BNG_pbc.tsv,250000,100,5000
226290,1191_BNG_pbc.tsv,250000,100,10000
226290,1191_BNG_pbc.tsv,500000,20,10000
226290,1191_BNG_pbc.tsv,500000,50,5000
226290,1191_BNG_pbc.tsv,500000,50,10000
226290,1191_BNG_pbc.tsv,500000,100,2000
226290,1191_BNG_pbc.tsv,500000,100,5000
226290,1191_BNG_pbc.tsv,500000,100,10000
226290,1196_BNG_pharynx.tsv,100000,100,10000
226290,1196_BNG_pharynx.tsv,250000,50,10000
226290,1196_BNG_pharynx.tsv,250000,100,2000
226290,1196_BNG_pharynx.tsv,250000,100,5000
226290,1196_BNG_pharynx.tsv,250000,100,10000
226290,1196_BNG_pharynx.tsv,500000,10,10000
226290,1196_BNG_pharynx.tsv,500000,20,10000
226290,1196_BNG_pharynx.tsv,500000,50,5000
226290,1196_BNG_pharynx.tsv,500000,50,10000
226290,1196_BNG_pharynx.tsv,500000,100,1000
226290,1196_BNG_pharynx.tsv,500000,100,2000
226290,1196_BNG_pharynx.tsv,500000,100,5000
226290,1196_BNG_pharynx.tsv,500000,100,10000
226290,1595_poker.tsv,100000,100,5000
226290,1595_poker.tsv,100000,100,10000
226290,1595_poker.tsv,250000,50,5000
226290,1595_poker.tsv,250000,50,10000
226290,1595_poker.tsv,250000,100,2000
226290,1595_poker.tsv,250000,100,5000
226290,1595_poker.tsv,250000,100,10000
226290,1595_poker.tsv,500000,10,10000
226290,1595_poker.tsv,500000,20,10000
226290,1595_poker.tsv,500000,50,2000
226290,1595_poker.tsv,500000,50,5000
226290,1595_poker.tsv,500000,50,10000
226290,1595_poker.tsv,500000,100,1000
226290,1595_poker.tsv,500000,100,2000
226290,1595_poker.tsv,500000,100,5000
226290,1595_poker.tsv,500000,100,10000
246723,1191_BNG_pbc.tsv,100000,100,10000
246723,1191_BNG_pbc.tsv,250000,50,10000
246723,1191_BNG_pbc.tsv,250000,100,5000
246723,1191_BNG_pbc.tsv,250000,100,10000
246723,1191_BNG_pbc.tsv,500000,20,10000
246723,1191_BNG_pbc.tsv,500000,50,5000
246723,1191_BNG_pbc.tsv,500000,50,10000
246723,1191_BNG_pbc.tsv,500000,100,2000
246723,1191_BNG_pbc.tsv,500000,100,5000
246723,1191_BNG_pbc.tsv,500000,100,10000
246723,1196_BNG_pharynx.tsv,100000,50,10000
246723,1196_BNG_pharynx.tsv,100000,100,10000
246723,1196_BNG_pharynx.tsv,250000,50,5000
246723,1196_BNG_pharynx.tsv,250000,50,10000
246723,1196_BNG_pharynx.tsv,250000,100,2000
246723,1196_BNG_pharynx.tsv,250000,100,5000
246723,1196_BNG_pharynx.tsv,250000,100,10000
246723,1196_BNG_pharynx.tsv,500000,20,10000
246723,1196_BNG_pharynx.tsv,500000,50,2000
246723,1196_BNG_pharynx.tsv,500000,50,5000
246723,1196_BNG_pharynx.tsv,500000,50,10000
246723,1196_BNG_pharynx.tsv,500000,100,2000
246723,1196_BNG_pharynx.tsv,500000,100,5000
246723,1196_BNG_pharynx.tsv,500000,100,10000
246723,1595_poker.tsv,100000,50,10000
246723,1595_poker.tsv,100000,100,5000
246723,1595_poker.tsv,100000,100,10000
246723,1595_poker.tsv,250000,20,10000
246723,1595_poker.tsv,250000,50,5000
246723,1595_poker.tsv,250000,50,10000
246723,1595_poker.tsv,250000,100,2000
246723,1595_poker.tsv,250000,100,5000
246723,1595_poker.tsv,250000,100,10000
246723,1595_poker.tsv,500000,10,5000
246723,1595_poker.tsv,500000,10,10000
246723,1595_poker.tsv,500000,20,5000
246723,1595_poker.tsv,500000,20,10000
246723,1595_poker.tsv,500000,50,1000
246723,1595_poker.tsv,500000,50,2000
246723,1595_poker.tsv,500000,50,5000
246723,1595_poker.tsv,500000,50,10000
246723,1595_poker.tsv,500000,100,1000
246723,1595_poker.tsv,500000,100,2000
246723,1595_poker.tsv,500000,100,5000
246723,1595_poker.tsv,500000,100,10000
444942,1191_BNG_pbc.tsv,100000,100,10000
444942,1191_BNG_pbc.tsv,250000,20,10000
444942,1191_BNG_pbc.tsv,250000,50,5000
444942,1191_BNG_pbc.tsv,250000,50,10000
444942,1191_BNG_pbc.tsv,250000,100,5000
444942,1191_BNG_pbc.tsv,250000,100,10000
444942,1191_BNG_pbc.tsv,500000,20,5000
444942,1191_BNG_pbc.tsv,500000,20,10000
444942,1191_BNG_pbc.tsv,500000,50,2000
444942,1191_BNG_pbc.tsv,500000,50,5000
444942,1191_BNG_pbc.tsv,500000,50,10000
444942,1191_BNG_pbc.tsv,500000,100,2000
444942,1191_BNG_pbc.tsv,500000,100,5000
444942,1191_BNG_pbc.tsv,500000,100,10000
444942,1196_BNG_pharynx.tsv,100000,100,10000
444942,1196_BNG_pharynx.tsv,250000,20,10000
444942,1196_BNG_pharynx.tsv,250000,50,5000
444942,1196_BNG_pharynx.tsv,250000,50,10000
444942,1196_BNG_pharynx.tsv,250000,100,2000
444942,1196_BNG_pharynx.tsv,250000,100,5000
444942,1196_BNG_pharynx.tsv,250000,100,10000
444942,1196_BNG_pharynx.tsv,500000,10,10000
444942,1196_BNG_pharynx.tsv,500000,20,5000
444942,1196_BNG_pharynx.tsv,500000,20,10000
444942,1196_BNG_pharynx.tsv,500000,50,2000
444942,1196_BNG_pharynx.tsv,500000,50,5000
444942,1196_BNG_pharynx.tsv,500000,50,10000
444942,1196_BNG_pharynx.tsv,500000,100,1000
444942,1196_BNG_pharynx.tsv,500000,100,2000
444942,1196_BNG_pharynx.tsv,500000,100,5000
444942,1196_BNG_pharynx.tsv,500000,100,10000
444942,1595_poker.tsv,100000,50,10000
444942,1595_poker.tsv,100000,100,5000
444942,1595_poker.tsv,100000,100,10000
444942,1595_poker.tsv,250000,20,10000
444942,1595_poker.tsv,250000,50,5000
444942,1595_poker.tsv,250000,50,10000
444942,1595_poker.tsv,250000,100,2000
444942,1595_poker.tsv,250000,100,5000
444942,1595_poker.tsv,250000,100,10000
444942,1595_poker.tsv,500000,10,10000
444942,1595_poker.tsv,500000,20,5000
444942,1595_poker.tsv,500000,20,10000
444942,1595_poker.tsv,500000,50,2000
444942,1595_poker.tsv,500000,50,5000
444942,1595_poker.tsv,500000,50,10000
444942,1595_poker.tsv,500000,100,500
444942,1595_poker.tsv,500000,100,1000
444942,1595_poker.tsv,500000,100,2000
444942,1595_poker.tsv,500000,100,5000
444942,1595_poker.tsv,500000,100,10000
47391,1191_BNG_pbc.tsv,100000,100,10000
47391,1191_BNG_pbc.tsv,250000,100,10000
47391,1191_BNG_pbc.tsv,500000,10,10000
47391,1191_BNG_pbc.tsv,500000,20,10000
47391,1191_BNG_pbc.tsv,500000,50,5000
47391,1191_BNG_pbc.tsv,500000,50,10000
47391,1191_BNG_pbc.tsv,500000,100,2000
47391,1191_BNG_pbc.tsv,500000,100,5000
47391,1191_BNG_pbc.tsv,500000,100,10000
47391,1196_BNG_pharynx.tsv,100000,100,10000
47391,1196_BNG_pharynx.tsv,250000,20,10000
47391,1196_BNG_pharynx.tsv,250000,50,5000
47391,1196_BNG_pharynx.tsv,250000,50,10000
47391,1196_BNG_pharynx.tsv,250000,100,2000
47391,1196_BNG_pharynx.tsv,250000,100,5000
47391,1196_BNG_pharynx.tsv,250000,100,10000
47391,1196_BNG_pharynx.tsv,500000,10,5000
47391,1196_BNG_pharynx.tsv,500000,10,10000
47391,1196_BNG_pharynx.tsv,500000,20,5000
47391,1196_BNG_pharynx.tsv,500000,20,10000
47391,1196_BNG_pharynx.tsv,500000,50,1000
47391,1196_BNG_pharynx.tsv,500000,50,2000
47391,1196_BNG_pharynx.tsv,500000,50,5000
47391,1196_BNG_pharynx.tsv,500000,50,10000
47391,1196_BNG_pharynx.tsv,500000,100,2000
47391,1196_BNG_pharynx.tsv,500000,100,5000
47391,1196_BNG_pharynx.tsv,500000,100,10000
47391,1595_poker.tsv,100000,50,10000
47391,1595_poker.tsv,100000,100,5000
47391,1595_poker.tsv,100000,100,10000
47391,1595_poker.tsv,250000,20,10000
47391,1595_poker.tsv,250000,50,5000
47391,1595_poker.tsv,250000,50,10000
47391,1595_poker.tsv,250000,100,2000
47391,1595_poker.tsv,250000,100,5000
47391,1595_poker.tsv,250000,100,10000
47391,1595_poker.tsv,500000,10,10000
47391,1595_poker.tsv,500000,20,5000
47391,1595_poker.tsv,500000,20,10000
47391,1595_poker.tsv,500000,50,1000
47391,1595_poker.tsv,500000,50,2000
47391,1595_poker.tsv,500000,50,5000
47391,1595_poker.tsv,500000,50,10000
47391,1595_poker.tsv,500000,100,1000
47391,1595_poker.tsv,500000,100,2000
47391,1595_poker.tsv,500000,100,5000
47391,1595_poker.tsv,500000,100,10000
478839,1191_BNG_pbc.tsv,100000,100,10000
478839,1191_BNG_pbc.tsv,250000,50,10000
478839,1191_BNG_pbc.tsv,250000,100,5000
478839,1191_BNG_pbc.tsv,250000,100,10000
478839,1191_BNG_pbc.tsv,500000,20,10000
478839,1191_BNG_pbc.tsv,500000,50,5000
478839,1191_BNG_pbc.tsv,500000,50,10000
478839,1191_BNG_pbc.tsv,500000,100,1000
478839,1191_BNG_pbc.tsv,500000,100,2000
478839,1191_BNG_pbc.tsv,500000,100,5000
478839,1191_BNG_pbc.tsv,500000,100,10000
478839,1196_BNG_pharynx.tsv,100000,50,10000
478839,1196_BNG_pharynx.tsv,100000,100,10000
478839,1196_BNG_pharynx.tsv,250000,20,10000
478839,1196_BNG_pharynx.tsv,250000,50,5000
478839,1196_BNG_pharynx.tsv,250000,50,10000
478839,1196_BNG_pharynx.tsv,250000,100,2000
478839,1196_BNG_pharynx.tsv,250000,100,5000
478839,1196_BNG_pharynx.tsv,250000,100,10000
478839,1196_BNG_pharynx.tsv,500000,10,10000
478839,1196_BNG_pharynx.tsv,500000,20,5000
478839,1196_BNG_pharynx.tsv,500000,20,10000
478839,1196_BNG_pharynx.tsv,500000,50,1000
478839,1196_BNG_pharynx.tsv,500000,50,2000
478839,1196_BNG_pharynx.tsv,500000,50,5000
478839,1196_BNG_pharynx.tsv,500000,50,10000
478839,1196_BNG_pharynx.tsv,500000,100,1000
478839,1196_BNG_pharynx.tsv,500000,100,2000
478839,1196_BNG_pharynx.tsv,500000,100,5000
478839,1196_BNG_pharynx.tsv,500000,100,10000
55414,1191_BNG_pbc.tsv,500000,100,1000
55414,1191_BNG_pbc.tsv,500000,100,2000
55414,1191_BNG_pbc.tsv,500000,100,5000
55414,1191_BNG_pbc.tsv,500000,100,10000
55414,1196_BNG_pharynx.tsv,100000,100,10000
55414,1196_BNG_pharynx.tsv,250000,20,10000
55414,1196_BNG_pharynx.tsv,250000,50,5000
55414,1196_BNG_pharynx.tsv,250000,50,10000
55414,1196_BNG_pharynx.tsv,250000,100,2000
55414,1196_BNG_pharynx.tsv,250000,100,5000
55414,1196_BNG_pharynx.tsv,250000,100,10000
55414,1196_BNG_pharynx.tsv,500000,10,5000
55414,1196_BNG_pharynx.tsv,500000,10,10000
55414,1196_BNG_pharynx.tsv,500000,20,5000
55414,1196_BNG_pharynx.tsv,500000,20,10000
55414,1196_BNG_pharynx.tsv,500000,50,2000
55414,1196_BNG_pharynx.tsv,500000,50,5000
55414,1196_BNG_pharynx.tsv,500000,50,10000
55414,1196_BNG_pharynx.tsv,500000,100,1000
55414,1196_BNG_pharynx.tsv,500000,100,2000
55414,1196_BNG_pharynx.tsv,500000,100,5000
55414,1196_BNG_pharynx.tsv,500000,100,10000
55414,1595_poker.tsv,100000,100,10000
55414,1595_poker.tsv,250000,50,5000
55414,1595_poker.tsv,250000,50,10000
55414,1595_poker.tsv,250000,100,5000
55414,1595_poker.tsv,250000,100,10000
55414,1595_poker.tsv,500000,10,10000
55414,1595_poker.tsv,500000,20,5000
55414,1595_poker.tsv,500000,20,10000
55414,1595_poker.tsv,500000,50,2000
55414,1595_poker.tsv,500000,50,5000
55414,1595_poker.tsv,500000,50,10000
55414,1595_poker.tsv,500000,100,1000
55414,1595_poker.tsv,500000,100,2000
55414,1595_poker.tsv,500000,100,5000
55414,1595_poker.tsv,500000,100,10000
601195,1191_BNG_pbc.tsv,100000,100,10000
601195,1191_BNG_pbc.tsv,250000,50,5000
601195,1191_BNG_pbc.tsv,250000,50,10000
601195,1191_BNG_pbc.tsv,250000,100,5000
601195,1191_BNG_pbc.tsv,250000,100,10000
601195,1191_BNG_pbc.tsv,500000,20,10000
601195,1191_BNG_pbc.tsv,500000,50,5000
601195,1191_BNG_pbc.tsv,500000,50,10000
601195,1191_BNG_pbc.tsv,500000,100,1000
601195,1191_BNG_pbc.tsv,500000,100,2000
601195,1191_BNG_pbc.tsv,500000,100,5000
601195,1191_BNG_pbc.tsv,500000,100,10000
601195,1196_BNG_pharynx.tsv,100000,100,10000
601195,1196_BNG_pharynx.tsv,250000,20,10000
601195,1196_BNG_pharynx.tsv,250000,50,10000
601195,1196_BNG_pharynx.tsv,250000,100,2000
601195,1196_BNG_pharynx.tsv,250000,100,5000
601195,1196_BNG_pharynx.tsv,250000,100,10000
601195,1196_BNG_pharynx.tsv,500000,10,10000
601195,1196_BNG_pharynx.tsv,500000,20,5000
601195,1196_BNG_pharynx.tsv,500000,20,10000
601195,1196_BNG_pharynx.tsv,500000,50,2000
601195,1196_BNG_pharynx.tsv,500000,50,5000
601195,1196_BNG_pharynx.tsv,500000,50,10000
601195,1196_BNG_pharynx.tsv,500000,100,1000
601195,1196_BNG_pharynx.tsv,500000,100,2000
601195,1196_BNG_pharynx.tsv,500000,100,5000
601195,1196_BNG_pharynx.tsv,500000,100,10000
601195,1595_poker.tsv,100000,100,5000
601195,1595_poker.tsv,100000,100,10000
601195,1595_poker.tsv,250000,20,10000
601195,1595_poker.tsv,250000,50,5000
601195,1595_poker.tsv,250000,50,10000
601195,1595_poker.tsv,250000,100,2000
601195,1595_poker.tsv,250000,100,5000
601195,1595_poker.tsv,250000,100,10000
601195,1595_poker.tsv,500000,10,10000
601195,1595_poker.tsv,500000,20,5000
601195,1595_poker.tsv,500000,20,10000
601195,1595_poker.tsv,500000,50,1000
601195,1595_poker.tsv,500000,50,2000
601195,1595_poker.tsv,500000,50,5000
601195,1595_poker.tsv,500000,50,10000
601195,1595_poker.tsv,500000,100,1000
601195,1595_poker.tsv,500000,100,2000
601195,1595_poker.tsv,500000,100,5000
601195,1595_poker.tsv,500000,100,10000
645795,1191_BNG_pbc.tsv,100000,100,10000
645795,1191_BNG_pbc.tsv,250000,50,5000
645795,1191_BNG_pbc.tsv,250000,50,10000
645795,1191_BNG_pbc.tsv,250000,100,2000
645795,1191_BNG_pbc.tsv,250000,100,5000
645795,1191_BNG_pbc.tsv,250000,100,10000
645795,1191_BNG_pbc.tsv,500000,20,10000
645795,1191_BNG_pbc.tsv,500000,50,2000
645795,1191_BNG_pbc.tsv,500000,50,5000
645795,1191_BNG_pbc.tsv,500000,50,10000
645795,1191_BNG_pbc.tsv,500000,100,1000
645795,1191_BNG_pbc.tsv,500000,100,2000
645795,1191_BNG_pbc.tsv,500000,100,5000
645795,1191_BNG_pbc.tsv,500000,100,10000
645795,1196_BNG_pharynx.tsv,100000,100,10000
645795,1196_BNG_pharynx.tsv,250000,50,5000
645795,1196_BNG_pharynx.tsv,250000,50,10000
645795,1196_BNG_pharynx.tsv,250000,100,5000
645795,1196_BNG_pharynx.tsv,250000,100,10000
645795,1196_BNG_pharynx.tsv,500000,50,5000
645795,1196_BNG_pharynx.tsv,500000,50,10000
645795,1196_BNG_pharynx.tsv,500000,100,5000
645795,1196_BNG_pharynx.tsv,500000,100,10000
645795,1595_poker.tsv,100000,100,5000
645795,1595_poker.tsv,100000,100,10000
645795,1595_poker.tsv,250000,20,10000
645795,1595_poker.tsv,250000,50,5000
645795,1595_poker.tsv,250000,50,10000
645795,1595_poker.tsv,250000,100,2000
645795,1595_poker.tsv,250000,100,5000
645795,1595_poker.tsv,250000,100,10000
645795,1595_poker.tsv,500000,10,10000
645795,1595_poker.tsv,500000,20,5000
645795,1595_poker.tsv,500000,20,10000
645795,1595_poker.tsv,500000,50,2000
645795,1595_poker.tsv,500000,50,5000
645795,1595_poker.tsv,500000,50,10000
645795,1595_poker.tsv,500000,100,1000
645795,1595_poker.tsv,500000,100,2000
645795,1595_poker.tsv,500000,100,5000
645795,1595_poker.tsv,500000,100,10000
739190,1191_BNG_pbc.tsv,100000,100,10000
739190,1191_BNG_pbc.tsv,250000,20,10000
739190,1191_BNG_pbc.tsv,250000,50,5000
739190,1191_BNG_pbc.tsv,250000,50,10000
739190,1191_BNG_pbc.tsv,250000,100,5000
739190,1191_BNG_pbc.tsv,250000,100,10000
739190,1191_BNG_pbc.tsv,500000,20,10000
739190,1191_BNG_pbc.tsv,500000,50,2000
739190,1191_BNG_pbc.tsv,500000,50,5000
739190,1191_BNG_pbc.tsv,500000,50,10000
739190,1191_BNG_pbc.tsv,500000,100,2000
739190,1191_BNG_pbc.tsv,500000,100,5000
739190,1191_BNG_pbc.tsv,500000,100,10000
739190,1196_BNG_pharynx.tsv,100000,100,10000
739190,1196_BNG_pharynx.tsv,250000,20,10000
739190,1196_BNG_pharynx.tsv,250000,50,5000
739190,1196_BNG_pharynx.tsv,250000,50,10000
739190,1196_BNG_pharynx.tsv,250000,100,5000
739190,1196_BNG_pharynx.tsv,250000,100,10000
739190,1196_BNG_pharynx.tsv,500000,10,10000
739190,1196_BNG_pharynx.tsv,500000,20,5000
739190,1196_BNG_pharynx.tsv,500000,20,10000
739190,1196_BNG_pharynx.tsv,500000,50,5000
739190,1196_BNG_pharynx.tsv,500000,50,10000
739190,1196_BNG_pharynx.tsv,500000,100,1000
739190,1196_BNG_pharynx.tsv,500000,100,2000
739190,1196_BNG_pharynx.tsv,500000,100,5000
739190,1196_BNG_pharynx.tsv,500000,100,10000
739190,1595_poker.tsv,100000,100,10000
739190,1595_poker.tsv,250000,20,10000
739190,1595_poker.tsv,250000,50,10000
739190,1595_poker.tsv,250000,100,5000
739190,1595_poker.tsv,250000,100,10000
739190,1595_poker.tsv,500000,10,10000
739190,1595_poker.tsv,500000,20,10000
739190,1595_poker.tsv,500000,50,2000
739190,1595_poker.tsv,500000,50,5000
739190,1595_poker.tsv,500000,50,10000
739190,1595_poker.tsv,500000,100,500
739190,1595_poker.tsv,500000,100,1000
739190,1595_poker.tsv,500000,100,2000
739190,1595_poker.tsv,500000,100,5000
739190,1595_poker.tsv,500000,100,10000
75528,1191_BNG_pbc.tsv,100000,100,10000
75528,1191_BNG_pbc.tsv,250000,20,10000
75528,1191_BNG_pbc.tsv,250000,50,5000
75528,1191_BNG_pbc.tsv,250000,50,10000
75528,1191_BNG_pbc.tsv,250000,100,10000
75528,1191_BNG_pbc.tsv,500000,50,10000
75528,1191_BNG_pbc.tsv,500000,100,5000
75528,1191_BNG_pbc.tsv,500000,100,10000
75528,1196_BNG_pharynx.tsv,100000,100,10000
75528,1196_BNG_pharynx.tsv,250000,20,10000
75528,1196_BNG_pharynx.tsv,250000,50,5000
75528,1196_BNG_pharynx.tsv,250000,50,10000
75528,1196_BNG_pharynx.tsv,250000,100,5000
75528,1196_BNG_pharynx.tsv,250000,100,10000
75528,1196_BNG_pharynx.tsv,500000,10,5000
75528,1196_BNG_pharynx.tsv,500000,10,10000
75528,1196_BNG_pharynx.tsv,500000,20,5000
75528,1196_BNG_pharynx.tsv,500000,20,10000
75528,1196_BNG_pharynx.tsv,500000,50,2000
75528,1196_BNG_pharynx.tsv,500000,50,5000
75528,1196_BNG_pharynx.tsv,500000,50,10000
75528,1196_BNG_pharynx.tsv,500000,100,1000
75528,1196_BNG_pharynx.tsv,500000,100,2000
75528,1196_BNG_pharynx.tsv,500000,100,5000
75528,1196_BNG_pharynx.tsv,500000,100,10000
75528,1595_poker.tsv,100000,100,5000
75528,1595_poker.tsv,100000,100,10000
75528,1595_poker.tsv,250000,20,10000
75528,1595_poker.tsv,250000,50,5000
75528,1595_poker.tsv,250000,50,10000
75528,1595_poker.tsv,250000,100,2000
75528,1595_poker.tsv,250000,100,5000
75528,1595_poker.tsv,250000,100,10000
75528,1595_poker.tsv,500000,10,10000
75528,1595_poker.tsv,500000,20,5000
75528,1595_poker.tsv,500000,20,10000
75528,1595_poker.tsv,500000,50,2000
75528,1595_poker.tsv,500000,50,5000
75528,1595_poker.tsv,500000,50,10000
75528,1595_poker.tsv,500000,100,1000
75528,1595_poker.tsv,500000,100,2000
75528,1595_poker.tsv,500000,100,5000
75528,1595_poker.tsv,500000,100,10000
786668,1191_BNG_pbc.tsv,100000,100,10000
786668,1191_BNG_pbc.tsv,250000,50,10000
786668,1191_BNG_pbc.tsv,250000,100,5000
786668,1191_BNG_pbc.tsv,250000,100,10000
786668,1191_BNG_pbc.tsv,500000,20,10000
786668,1191_BNG_pbc.tsv,500000,50,5000
786668,1191_BNG_pbc.tsv,500000,50,10000
786668,1191_BNG_pbc.tsv,500000,100,2000
786668,1191_BNG_pbc.tsv,500000,100,5000
786668,1191_BNG_pbc.tsv,500000,100,10000
786668,1196_BNG_pharynx.tsv,100000,100,10000
786668,1196_BNG_pharynx.tsv,250000,50,5000
786668,1196_BNG_pharynx.tsv,250000,50,10000
786668,1196_BNG_pharynx.tsv,250000,100,5000
786668,1196_BNG_pharynx.tsv,250000,100,10000
786668,1196_BNG_pharynx.tsv,500000,10,10000
786668,1196_BNG_pharynx.tsv,500000,20,5000
786668,1196_BNG_pharynx.tsv,500000,20,10000
786668,1196_BNG_pharynx.tsv,500000,50,2000
786668,1196_BNG_pharynx.tsv,500000,50,5000
786668,1196_BNG_pharynx.tsv,500000,50,10000
786668,1196_BNG_pharynx.tsv,500000,100,1000
786668,1196_BNG_pharynx.tsv,500000,100,2000
786668,1196_BNG_pharynx.tsv,500000,100,5000
786668,1196_BNG_pharynx.tsv,500000,100,10000
786668,1595_poker.tsv,100000,50,10000
786668,1595_poker.tsv,100000,100,5000
786668,1595_poker.tsv,100000,100,10000
786668,1595_poker.tsv,250000,20,10000
786668,1595_poker.tsv,250000,50,5000
786668,1595_poker.tsv,250000,50,10000
786668,1595_poker.tsv,250000,100,2000
786668,1595_poker.tsv,250000,100,5000
786668,1595_poker.tsv,250000,100,10000
786668,1595_poker.tsv,500000,10,10000
786668,1595_poker.tsv,500000,20,5000
786668,1595_poker.tsv,500000,20,10000
786668,1595_poker.tsv,500000,50,2000
786668,1595_poker.tsv,500000,50,5000
786668,1595_poker.tsv,500000,50,10000
786668,1595_poker.tsv,500000,100,1000
786668,1595_poker.tsv,500000,100,2000
786668,1595_poker.tsv,500000,100,5000
786668,1595_poker.tsv,500000,100,10000
943369,1191_BNG_pbc.tsv,100000,100,10000
943369,1191_BNG_pbc.tsv,250000,20,10000
943369,1191_BNG_pbc.tsv,250000,50,5000
943369,1191_BNG_pbc.tsv,250000,50,10000
943369,1191_BNG_pbc.tsv,250000,100,5000
943369,1191_BNG_pbc.tsv,250000,100,10000
943369,1191_BNG_pbc.tsv,500000,20,10000
943369,1191_BNG_pbc.tsv,500000,50,5000
943369,1191_BNG_pbc.tsv,500000,50,10000
943369,1191_BNG_pbc.tsv,500000,100,2000
943369,1191_BNG_pbc.tsv,500000,100,5000
943369,1191_BNG_pbc.tsv,500000,100,10000
943369,1196_BNG_pharynx.tsv,100000,100,10000
943369,1196_BNG_pharynx.tsv,250000,50,5000
943369,1196_BNG_pharynx.tsv,250000,50,10000
943369,1196_BNG_pharynx.tsv,250000,100,2000
943369,1196_BNG_pharynx.tsv,250000,100,5000
943369,1196_BNG_pharynx.tsv,250000,100,10000
943369,1196_BNG_pharynx.tsv,500000,10,10000
943369,1196_BNG_pharynx.tsv,500000,20,5000
943369,1196_BNG_pharynx.tsv,500000,20,10000
943369,1196_BNG_pharynx.tsv,500000,50,5000
943369,1196_BNG_pharynx.tsv,500000,50,10000
943369,1196_BNG_pharynx.tsv,500000,100,1000
943369,1196_BNG_pharynx.tsv,500000,100,2000
943369,1196_BNG_pharynx.tsv,500000,100,5000
943369,1196_BNG_pharynx.tsv,500000,100,10000
943369,1595_poker.tsv,100000,50,10000
943369,1595_poker.tsv,100000,100,10000
943369,1595_poker.tsv,250000,20,10000
943369,1595_poker.tsv,250000,50,5000
943369,1595_poker.tsv,250000,50,10000
943369,1595_poker.tsv,250000,100,2000
943369,1595_poker.tsv,250000,100,5000
943369,1595_poker.tsv,250000,100,10000
943369,1595_poker.tsv,500000,10,10000
943369,1595_poker.tsv,500000,20,5000
943369,1595_poker.tsv,500000,20,10000
943369,1595_poker.tsv,500000,50,2000
943369,1595_poker.tsv,500000,50,5000
943369,1595_poker.tsv,500000,50,10000
943369,1595_poker.tsv,500000,100,1000
943369,1595_poker.tsv,500000,100,2000
943369,1595_poker.tsv,500000,100,5000
943369,1595_poker.tsv,500000,100,10000
406090,1191_BNG_pbc.tsv,100000,50,10000
406090,1191_BNG_pbc.tsv,100000,100,5000
406090,1191_BNG_pbc.tsv,100000,100,10000
406090,1191_BNG_pbc.tsv,250000,20,10000
406090,1191_BNG_pbc.tsv,250000,50,5000
406090,1191_BNG_pbc.tsv,250000,50,10000
406090,1191_BNG_pbc.tsv,250000,100,2000
406090,1191_BNG_pbc.tsv,250000,100,5000
406090,1191_BNG_pbc.tsv,250000,100,10000
406090,1191_BNG_pbc.tsv,500000,10,10000
406090,1191_BNG_pbc.tsv,500000,20,5000
406090,1191_BNG_pbc.tsv,500000,20,10000
406090,1191_BNG_pbc.tsv,500000,50,2000
406090,1191_BNG_pbc.tsv,500000,50,5000
406090,1191_BNG_pbc.tsv,500000,50,10000
406090,1191_BNG_pbc.tsv,500000,100,1000
406090,1191_BNG_pbc.tsv,500000,100,2000
406090,1191_BNG_pbc.tsv,500000,100,5000
406090,1191_BNG_pbc.tsv,500000,100,10000
406090,1196_BNG_pharynx.tsv,100000,100,10000
406090,1196_BNG_pharynx.tsv,250000,50,10000
406090,1196_BNG_pharynx.tsv,250000,100,5000
406090,1196_BNG_pharynx.tsv,250000,100,10000
406090,1196_BNG_pharynx.tsv,500000,100,5000
406090,1196_BNG_pharynx.tsv,500000,100,10000
406090,1595_poker.tsv,100000,100,5000
406090,1595_poker.tsv,100000,100,10000
406090,1595_poker.tsv,250000,50,5000
406090,1595_poker.tsv,250000,50,10000
406090,1595_poker.tsv,250000,100,2000
406090,1595_poker.tsv,250000,100,5000
406090,1595_poker.tsv,250000,100,10000
406090,1595_poker.tsv,500000,10,10000
406090,1595_poker.tsv,500000,20,5000
406090,1595_poker.tsv,500000,20,10000
406090,1595_poker.tsv,500000,50,2000
406090,1595_poker.tsv,500000,50,5000
406090,1595_poker.tsv,500000,50,10000
406090,1595_poker.tsv,500000,100,1000
406090,1595_poker.tsv,500000,100,2000
406090,1595_poker.tsv,500000,100,5000
406090,1595_poker.tsv,500000,100,10000
648630,1191_BNG_pbc.tsv,100000,100,10000
648630,1191_BNG_pbc.tsv,250000,50,5000
648630,1191_BNG_pbc.tsv,250000,50,10000
648630,1191_BNG_pbc.tsv,250000,100,5000
648630,1191_BNG_pbc.tsv,250000,100,10000
648630,1191_BNG_pbc.tsv,500000,20,5000
648630,1191_BNG_pbc.tsv,500000,20,10000
648630,1191_BNG_pbc.tsv,500000,50,2000
648630,1191_BNG_pbc.tsv,500000,50,5000
648630,1191_BNG_pbc.tsv,500000,50,10000
648630,1191_BNG_pbc.tsv,500000,100,1000
648630,1191_BNG_pbc.tsv,500000,100,2000
648630,1191_BNG_pbc.tsv,500000,100,5000
648630,1191_BNG_pbc.tsv,500000,100,10000
648630,1196_BNG_pharynx.tsv,100000,50,5000
648630,1196_BNG_pharynx.tsv,100000,50,10000
648630,1196_BNG_pharynx.tsv,100000,100,5000
648630,1196_BNG_pharynx.tsv,100000,100,10000
648630,1196_BNG_pharynx.tsv,250000,20,10000
648630,1196_BNG_pharynx.tsv,250000,50,2000
648630,1196_BNG_pharynx.tsv,250000,50,5000
648630,1196_BNG_pharynx.tsv,250000,50,10000
648630,1196_BNG_pharynx.tsv,250000,100,2000
648630,1196_BNG_pharynx.tsv,250000,100,5000
648630,1196_BNG_pharynx.tsv,250000,100,10000
648630,1196_BNG_pharynx.tsv,500000,10,5000
648630,1196_BNG_pharynx.tsv,500000,10,10000
648630,1196_BNG_pharynx.tsv,500000,20,5000
648630,1196_BNG_pharynx.tsv,500000,20,10000
648630,1196_BNG_pharynx.tsv,500000,50,1000
648630,1196_BNG_pharynx.tsv,500000,50,2000
648630,1196_BNG_pharynx.tsv,500000,50,5000
648630,1196_BNG_pharynx.tsv,500000,50,10000
648630,1196_BNG_pharynx.tsv,500000,100,500
648630,1196_BNG_pharynx.tsv,500000,100,1000
648630,1196_BNG_pharynx.tsv,500000,100,2000
648630,1196_BNG_pharynx.tsv,500000,100,5000
648630,1196_BNG_pharynx.tsv,500000,100,10000
648630,1595_poker.tsv,100000,100,10000
648630,1595_poker.tsv,250000,50,5000
648630,1595_poker.tsv,250000,50,10000
648630,1595_poker.tsv,250000,100,5000
648630,1595_poker.tsv,250000,100,10000
648630,1595_poker.tsv,500000,10,10000
648630,1595_poker.tsv,500000,20,10000
648630,1595_poker.tsv,500000,50,2000
648630,1595_poker.tsv,500000,50,5000
648630,1595_poker.tsv,500000,50,10000
648630,1595_poker.tsv,500000,100,1000
648630,1595_poker.tsv,500000,100,2000
648630,1595_poker.tsv,500000,100,5000
648630,1595_poker.tsv,500000,100,10000
478839,1595_poker.tsv,100000,50,10000
478839,1595_poker.tsv,100000,100,10000
478839,1595_poker.tsv,250000,20,10000
478839,1595_poker.tsv,250000,50,5000
478839,1595_poker.tsv,250000,50,10000
478839,1595_poker.tsv,250000,100,2000
478839,1595_poker.tsv,250000,100,5000
478839,1595_poker.tsv,250000,100,10000
478839,1595_poker.tsv,500000,10,5000
478839,1595_poker.tsv,500000,10,10000
478839,1595_poker.tsv,500000,20,5000
478839,1595_poker.tsv,500000,20,10000
478839,1595_poker.tsv,500000,50,2000
478839,1595_poker.tsv,500000,50,5000
478839,1595_poker.tsv,500000,50,10000
478839,1595_poker.tsv,500000,100,1000
478839,1595_poker.tsv,500000,100,2000
478839,1595_poker.tsv,500000,100,5000
478839,1595_poker.tsv,500000,100,10000
55414,1191_BNG_pbc.tsv,100000,100,10000
55414,1191_BNG_pbc.tsv,250000,50,5000
55414,1191_BNG_pbc.tsv,250000,50,10000
55414,1191_BNG_pbc.tsv,250000,100,5000
55414,1191_BNG_pbc.tsv,250000,100,10000
55414,1191_BNG_pbc.tsv,500000,10,10000
55414,1191_BNG_pbc.tsv,500000,20,5000
55414,1191_BNG_pbc.tsv,500000,20,10000
55414,1191_BNG_pbc.tsv,500000,50,2000
55414,1191_BNG_pbc.tsv,500000,50,5000
55414,1191_BNG_pbc.tsv,500000,50,10000