786668,1595_poker.tsv,100000,100,10000
786668,1595_poker.tsv,250000,20,10000
786668,1595_poker.tsv,250000,50,5000
786668,1595_poker.tsv,250000,50,10000
786668,1595_poker.tsv,250000,100,2000
786668,1595_poker.tsv,250000,100,5000
786668,1595_poker.tsv,250000,100,10000
786668,1595_poker.tsv,500000,10,10000
786668,1595_poker.tsv,500000,20,5000
786668,1595_poker.tsv,500000,20,10000
786668,1595_poker.tsv,500000,50,2000
786668,1595_poker.tsv,500000,50,5000
786668,1595_poker.tsv,500000,50,10000
786668,1595_poker.tsv,500000,100,1000
786668,1595_poker.tsv,500000,100,2000
786668,1595_poker.tsv,500000,100,5000
786668,1595_poker.tsv,500000,100,10000
943369,1191_BNG_pbc.tsv,100000,100,10000
943369,1191_BNG_pbc.tsv,250000,20,10000
943369,1191_BNG_pbc.tsv,250000,50,5000
943369,1191_BNG_pbc.tsv,250000,50,10000
943369,1191_BNG_pbc.tsv,250000,100,5000
943369,1191_BNG_pbc.tsv,250000,100,10000
943369,1191_BNG_pbc.tsv,500000,20,10000
943369,1191_BNG_pbc.tsv,500000,50,5000
943369,1191_BNG_pbc.tsv,500000,50,10000
943369,1191_BNG_pbc.tsv,500000,100,2000
943369,1191_BNG_pbc.tsv,500000,100,5000
943369,1191_BNG_pbc.tsv,500000,100,10000
943369,1196_BNG_pharynx.tsv,100000,100,10000
943369,1196_BNG_pharynx.tsv,250000,50,5000
943369,1196_BNG_pharynx.tsv,250000,50,10000
943369,1196_BNG_pharynx.tsv,250000,100,2000
943369,1196_BNG_pharynx.tsv,250000,100,5000
943369,1196_BNG_pharynx.tsv,250000,100,10000
943369,1196_BNG_pharynx.tsv,500000,10,10000
943369,1196_BNG_pharynx.tsv,500000,20,5000
943369,1196_BNG_pharynx.tsv,500000,20,10000
943369,1196_BNG_pharynx.tsv,500000,50,5000
943369,1196_BNG_pharynx.tsv,500000,50,10000
943369,1196_BNG_pharynx.tsv,500000,100,1000
943369,1196_BNG_pharynx.tsv,500000,100,2000
943369,1196_BNG_pharynx.tsv,500000,100,5000
943369,1196_BNG_pharynx.tsv,500000,100,10000
943369,1595_poker.tsv,100000,50,10000
943369,1595_poker.tsv,100000,100,10000
943369,1595_poker.tsv,250000,20,10000
943369,1595_poker.tsv,250000,50,5000
943369,1595_poker.tsv,250000,50,10000
943369,1595_poker.tsv,250000,100,2000
943369,1595_poker.tsv,250000,100,5000
943369,1595_poker.tsv,250000,100,10000
943369,1595_poker.tsv,500000,10,10000
943369,1595_poker.tsv,500000,20,5000
943369,1595_poker.tsv,500000,20,10000
943369,1595_poker.tsv,500000,50,2000
943369,1595_poker.tsv,500000,50,5000
943369,1595_poker.tsv,500000,50,10000
943369,1595_poker.tsv,500000,100,1000
943369,1595_poker.tsv,500000,100,2000
943369,1595_poker.tsv,500000,100,5000
943369,1595_poker.tsv,500000,100,10000
406090,1191_BNG_pbc.tsv,100000,50,10000
406090,1191_BNG_pbc.tsv,100000,100,5000
406090,1191_BNG_pbc.tsv,100000,100,10000
406090,1191_BNG_pbc.tsv,250000,20,10000
406090,1191_BNG_pbc.tsv,250000,50,5000
406090,1191_BNG_pbc.tsv,250000,50,10000
406090,1191_BNG_pbc.tsv,250000,100,2000
406090,1191_BNG_pbc.tsv,250000,100,5000
406090,1191_BNG_pbc.tsv,250000,100,10000
406090,1191_BNG_pbc.tsv,500000,10,10000
406090,1191_BNG_pbc.tsv,500000,20,5000
406090,1191_BNG_pbc.tsv,500000,20,10000
406090,1191_BNG_pbc.tsv,500000,50,2000
406090,1191_BNG_pbc.tsv,500000,50,5000
406090,1191_BNG_pbc.tsv,500000,50,10000
406090,1191_BNG_pbc.tsv,500000,100,1000
406090,1191_BNG_pbc.tsv,500000,100,2000
406090,1191_BNG_pbc.tsv,500000,100,5000
406090,1191_BNG_pbc.tsv,500000,100,10000
406090,1196_BNG_pharynx.tsv,100000,100,10000
406090,1196_BNG_pharynx.tsv,250000,50,10000
406090,1196_BNG_pharynx.tsv,250000,100,5000
406090,1196_BNG_pharynx.tsv,250000,100,10000
406090,1196_BNG_pharynx.tsv,500000,100,5000
406090,1196_BNG_pharynx.tsv,500000,100,10000
406090,1595_poker.tsv,100000,100,5000
406090,1595_poker.tsv,100000,100,10000
406090,1595_poker.tsv,250000,50,5000
406090,1595_poker.tsv,250000,50,10000
406090,1595_poker.tsv,250000,100,2000
406090,1595_poker.tsv,250000,100,5000
406090,1595_poker.tsv,250000,100,10000
406090,1595_poker.tsv,500000,10,10000
406090,1595_poker.tsv,500000,20,5000
406090,1595_poker.tsv,500000,20,10000
406090,1595_poker.tsv,500000,50,2000
406090,1595_poker.tsv,500000,50,5000
406090,1595_poker.tsv,500000,50,10000
406090,1595_poker.tsv,500000,100,1000
406090,1595_poker.tsv,500000,100,2000
406090,1595_poker.tsv,500000,100,5000
406090,1595_poker.tsv,500000,100,10000
648630,1191_BNG_pbc.tsv,100000,100,10000
648630,1191_BNG_pbc.tsv,250000,50,5000
648630,1191_BNG_pbc.tsv,250000,50,10000
648630,1191_BNG_pbc.tsv,250000,100,5000
648630,1191_BNG_pbc.tsv,250000,100,10000
648630,1191_BNG_pbc.tsv,500000,20,5000
648630,1191_BNG_pbc.tsv,500000,20,10000
648630,1191_BNG_pbc.tsv,500000,50,2000
648630,1191_BNG_pbc.tsv,500000,50,5000
648630,1191_BNG_pbc.tsv,500000,50,10000
648630,1191_BNG_pbc.tsv,500000,100,1000
648630,1191_BNG_pbc.tsv,500000,100,2000
648630,1191_BNG_pbc.tsv,500000,100,5000
648630,1191_BNG_pbc.tsv,500000,100,10000
648630,1196_BNG_pharynx.tsv,100000,50,5000
648630,1196_BNG_pharynx.tsv,100000,50,10000
648630,1196_BNG_pharynx.tsv,100000,100,5000
648630,1196_BNG_pharynx.tsv,100000,100,10000
648630,1196_BNG_pharynx.tsv,250000,20,10000
648630,1196_BNG_pharynx.tsv,250000,50,2000
648630,1196_BNG_pharynx.tsv,250000,50,5000
648630,1196_BNG_pharynx.tsv,250000,50,10000
648630,1196_BNG_pharynx.tsv,250000,100,2000
648630,1196_BNG_pharynx.tsv,250000,100,5000
648630,1196_BNG_pharynx.tsv,250000,100,10000
648630,1196_BNG_pharynx.tsv,500000,10,5000
648630,1196_BNG_pharynx.tsv,500000,10,10000
648630,1196_BNG_pharynx.tsv,500000,20,5000
648630,1196_BNG_pharynx.tsv,500000,20,10000
648630,1196_BNG_pharynx.tsv,500000,50,1000
648630,1196_BNG_pharynx.tsv,500000,50,2000
648630,1196_BNG_pharynx.tsv,500000,50,5000
648630,1196_BNG_pharynx.tsv,500000,50,10000
648630,1196_BNG_pharynx.tsv,500000,100,500
648630,1196_BNG_pharynx.tsv,500000,100,1000
648630,1196_BNG_pharynx.tsv,500000,100,2000
648630,1196_BNG_pharynx.tsv,500000,100,5000
648630,1196_BNG_pharynx.tsv,500000,100,10000
648630,1595_poker.tsv,100000,100,10000
648630,1595_poker.tsv,250000,50,5000
648630,1595_poker.tsv,250000,50,10000
648630,1595_poker.tsv,250000,100,5000
648630,1595_poker.tsv,250000,100,10000
648630,1595_poker.tsv,500000,10,10000
648630,1595_poker.tsv,500000,20,10000
648630,1595_poker.tsv,500000,50,2000
648630,1595_poker.tsv,500000,50,5000
648630,1595_poker.tsv,500000,50,10000
648630,1595_poker.tsv,500000,100,1000
648630,1595_poker.tsv,500000,100,2000
648630,1595_poker.tsv,500000,100,5000
648630,1595_poker.tsv,500000,100,10000
478839,1595_poker.tsv,100000,50,10000
478839,1595_poker.tsv,100000,100,10000
478839,1595_poker.tsv,250000,20,10000
478839,1595_poker.tsv,250000,50,5000
478839,1595_poker.tsv,250000,50,10000
478839,1595_poker.tsv,250000,100,2000
478839,1595_poker.tsv,250000,100,5000
478839,1595_poker.tsv,250000,100,10000
478839,1595_poker.tsv,500000,10,5000
478839,1595_poker.tsv,500000,10,10000
478839,1595_poker.tsv,500000,20,5000
478839,1595_poker.tsv,500000,20,10000
478839,1595_poker.tsv,500000,50,2000
478839,1595_poker.tsv,500000,50,5000
478839,1595_poker.tsv,500000,50,10000
478839,1595_poker.tsv,500000,100,1000
478839,1595_poker.tsv,500000,100,2000
478839,1595_poker.tsv,500000,100,5000
478839,1595_poker.tsv,500000,100,10000
55414,1191_BNG_pbc.tsv,100000,100,10000
55414,1191_BNG_pbc.tsv,250000,50,5000
55414,1191_BNG_pbc.tsv,250000,50,10000
55414,1191_BNG_pbc.tsv,250000,100,5000
55414,1191_BNG_pbc.tsv,250000,100,10000
55414,1191_BNG_pbc.tsv,500000,10,10000
55414,1191_BNG_pbc.tsv,500000,20,5000
55414,1191_BNG_pbc.tsv,500000,20,10000
55414,1191_BNG_pbc.tsv,500000,50,2000
55414,1191_BNG_pbc.tsv,500000,50,5000
55414,1191_BNG_pbc.tsv,500000,50,10000