47391,1191_BNG_pbc.tsv,10,10,200
47391,1191_BNG_pbc.tsv,10,10,500
47391,1191_BNG_pbc.tsv,10,10,1000
47391,1191_BNG_pbc.tsv,10,10,2000
47391,1191_BNG_pbc.tsv,10,10,5000
47391,1191_BNG_pbc.tsv,10,10,10000
47391,1191_BNG_pbc.tsv,10,20,200
47391,1191_BNG_pbc.tsv,10,20,500
47391,1191_BNG_pbc.tsv,10,20,1000
47391,1191_BNG_pbc.tsv,10,20,2000
47391,1191_BNG_pbc.tsv,10,20,5000
47391,1191_BNG_pbc.tsv,10,20,10000
47391,1191_BNG_pbc.tsv,10,50,200
47391,1191_BNG_pbc.tsv,10,50,500
47391,1191_BNG_pbc.tsv,10,50,1000
47391,1191_BNG_pbc.tsv,10,50,2000
47391,1191_BNG_pbc.tsv,10,50,5000
47391,1191_BNG_pbc.tsv,10,50,10000
47391,1191_BNG_pbc.tsv,10,100,200
47391,1191_BNG_pbc.tsv,10,100,500
47391,1191_BNG_pbc.tsv,10,100,1000
47391,1191_BNG_pbc.tsv,10,100,2000
47391,1191_BNG_pbc.tsv,10,100,5000
47391,1191_BNG_pbc.tsv,10,100,10000
47391,1191_BNG_pbc.tsv,20,10,200
47391,1191_BNG_pbc.tsv,20,10,500
47391,1191_BNG_pbc.tsv,20,10,1000
47391,1191_BNG_pbc.tsv,20,10,2000
47391,1191_BNG_pbc.tsv,20,10,5000
47391,1191_BNG_pbc.tsv,20,10,10000
47391,1191_BNG_pbc.tsv,20,20,200
47391,1191_BNG_pbc.tsv,20,20,500
47391,1191_BNG_pbc.tsv,20,20,1000
47391,1191_BNG_pbc.tsv,20,20,2000
47391,1191_BNG_pbc.tsv,20,20,5000
47391,1191_BNG_pbc.tsv,20,20,10000
47391,1191_BNG_pbc.tsv,20,50,200
47391,1191_BNG_pbc.tsv,20,50,500
47391,1191_BNG_pbc.tsv,20,50,1000
47391,1191_BNG_pbc.tsv,20,50,2000
47391,1191_BNG_pbc.tsv,20,50,5000
47391,1191_BNG_pbc.tsv,20,50,10000
47391,1191_BNG_pbc.tsv,20,100,200
47391,1191_BNG_pbc.tsv,20,100,500
47391,1191_BNG_pbc.tsv,20,100,1000
47391,1191_BNG_pbc.tsv,20,100,2000
47391,1191_BNG_pbc.tsv,20,100,5000
47391,1191_BNG_pbc.tsv,20,100,10000
47391,1191_BNG_pbc.tsv,50,10,200
47391,1191_BNG_pbc.tsv,50,10,500
47391,1191_BNG_pbc.tsv,50,10,1000
47391,1191_BNG_pbc.tsv,50,10,2000
47391,1191_BNG_pbc.tsv,50,10,5000
47391,1191_BNG_pbc.tsv,50,10,10000
47391,1191_BNG_pbc.tsv,50,20,200
47391,1191_BNG_pbc.tsv,50,20,500
47391,1191_BNG_pbc.tsv,50,20,1000
47391,1191_BNG_pbc.tsv,50,20,2000
47391,1191_BNG_pbc.tsv,50,20,5000
47391,1191_BNG_pbc.tsv,50,20,10000
47391,1191_BNG_pbc.tsv,50,50,200
47391,1191_BNG_pbc.tsv,50,50,500
47391,1191_BNG_pbc.tsv,50,50,1000
47391,1191_BNG_pbc.tsv,50,50,2000
47391,1191_BNG_pbc.tsv,50,50,5000
47391,1191_BNG_pbc.tsv,50,50,10000
47391,1191_BNG_pbc.tsv,50,100,200
47391,1191_BNG_pbc.tsv,50,100,500
47391,1191_BNG_pbc.tsv,50,100,1000
47391,1191_BNG_pbc.tsv,50,100,2000
47391,1191_BNG_pbc.tsv,50,100,5000
47391,1191_BNG_pbc.tsv,50,100,10000
47391,1191_BNG_pbc.tsv,100,10,200
47391,1191_BNG_pbc.tsv,100,10,500
47391,1191_BNG_pbc.tsv,100,10,1000
47391,1191_BNG_pbc.tsv,100,10,2000
47391,1191_BNG_pbc.tsv,100,10,5000
47391,1191_BNG_pbc.tsv,100,10,10000
47391,1191_BNG_pbc.tsv,100,20,200
47391,1191_BNG_pbc.tsv,100,20,500
47391,1191_BNG_pbc.tsv,100,20,1000
47391,1191_BNG_pbc.tsv,100,20,2000
47391,1191_BNG_pbc.tsv,100,20,5000
47391,1191_BNG_pbc.tsv,100,20,10000
47391,1191_BNG_pbc.tsv,100,50,200
47391,1191_BNG_pbc.tsv,100,50,500
47391,1191_BNG_pbc.tsv,100,50,1000
47391,1191_BNG_pbc.tsv,100,50,2000
47391,1191_BNG_pbc.tsv,100,50,5000
47391,1191_BNG_pbc.tsv,100,50,10000
47391,1191_BNG_pbc.tsv,100,100,200
47391,1191_BNG_pbc.tsv,100,100,500
47391,1191_BNG_pbc.tsv,100,100,1000
47391,1191_BNG_pbc.tsv,100,100,2000
47391,1191_BNG_pbc.tsv,100,100,5000
47391,1191_BNG_pbc.tsv,100,100,10000
47391,1191_BNG_pbc.tsv,200,10,200
47391,1191_BNG_pbc.tsv,200,10,500
47391,1191_BNG_pbc.tsv,200,10,1000
47391,1191_BNG_pbc.tsv,200,10,2000
47391,1191_BNG_pbc.tsv,200,10,5000
47391,1191_BNG_pbc.tsv,200,10,10000
47391,1191_BNG_pbc.tsv,200,20,200
47391,1191_BNG_pbc.tsv,200,20,500
47391,1191_BNG_pbc.tsv,200,20,1000
47391,1191_BNG_pbc.tsv,200,20,2000
47391,1191_BNG_pbc.tsv,200,20,5000
47391,1191_BNG_pbc.tsv,200,20,10000
47391,1191_BNG_pbc.tsv,200,50,200
47391,1191_BNG_pbc.tsv,200,50,500
47391,1191_BNG_pbc.tsv,200,50,1000
47391,1191_BNG_pbc.tsv,200,50,2000
47391,1191_BNG_pbc.tsv,200,50,5000
47391,1191_BNG_pbc.tsv,200,50,10000
47391,1191_BNG_pbc.tsv,200,100,200
47391,1191_BNG_pbc.tsv,200,100,500
47391,1191_BNG_pbc.tsv,200,100,1000
47391,1191_BNG_pbc.tsv,200,100,2000
47391,1191_BNG_pbc.tsv,200,100,5000
47391,1191_BNG_pbc.tsv,200,100,10000
47391,1191_BNG_pbc.tsv,500,10,200
47391,1191_BNG_pbc.tsv,500,10,500
47391,1191_BNG_pbc.tsv,500,10,1000
47391,1191_BNG_pbc.tsv,500,10,2000
47391,1191_BNG_pbc.tsv,500,10,5000
47391,1191_BNG_pbc.tsv,500,10,10000
47391,1191_BNG_pbc.tsv,500,20,200
47391,1191_BNG_pbc.tsv,500,20,500
47391,1191_BNG_pbc.tsv,500,20,1000
47391,1191_BNG_pbc.tsv,500,20,2000
47391,1191_BNG_pbc.tsv,500,20,5000
47391,1191_BNG_pbc.tsv,500,20,10000
47391,1191_BNG_pbc.tsv,500,50,200
47391,1191_BNG_pbc.tsv,500,50,500
47391,1191_BNG_pbc.tsv,500,50,1000
47391,1191_BNG_pbc.tsv,500,50,2000
47391,1191_BNG_pbc.tsv,500,50,5000
47391,1191_BNG_pbc.tsv,500,50,10000
47391,1191_BNG_pbc.tsv,500,100,200
47391,1191_BNG_pbc.tsv,500,100,500
47391,1191_BNG_pbc.tsv,500,100,1000
47391,1191_BNG_pbc.tsv,500,100,2000
47391,1191_BNG_pbc.tsv,500,100,5000
47391,1191_BNG_pbc.tsv,500,100,10000
47391,1191_BNG_pbc.tsv,1000,10,200
47391,1191_BNG_pbc.tsv,1000,10,500
47391,1191_BNG_pbc.tsv,1000,10,1000
47391,1191_BNG_pbc.tsv,1000,10,2000
47391,1191_BNG_pbc.tsv,1000,10,5000
47391,1191_BNG_pbc.tsv,1000,10,10000
47391,1191_BNG_pbc.tsv,1000,20,200
47391,1191_BNG_pbc.tsv,1000,20,500
47391,1191_BNG_pbc.tsv,1000,20,1000
47391,1191_BNG_pbc.tsv,1000,20,2000
47391,1191_BNG_pbc.tsv,1000,20,5000
47391,1191_BNG_pbc.tsv,1000,20,10000
47391,1191_BNG_pbc.tsv,1000,50,200
47391,1191_BNG_pbc.tsv,1000,50,500
47391,1191_BNG_pbc.tsv,1000,50,1000
47391,1191_BNG_pbc.tsv,1000,50,2000
47391,1191_BNG_pbc.tsv,1000,50,5000
47391,1191_BNG_pbc.tsv,1000,50,10000
47391,1191_BNG_pbc.tsv,1000,100,200
47391,1191_BNG_pbc.tsv,1000,100,500
47391,1191_BNG_pbc.tsv,1000,100,1000
47391,1191_BNG_pbc.tsv,1000,100,2000
47391,1191_BNG_pbc.tsv,1000,100,5000
47391,1191_BNG_pbc.tsv,1000,100,10000
47391,1191_BNG_pbc.tsv,2000,10,200
47391,1191_BNG_pbc.tsv,2000,10,500
47391,1191_BNG_pbc.tsv,2000,10,1000
47391,1191_BNG_pbc.tsv,2000,10,2000
47391,1191_BNG_pbc.tsv,2000,10,5000
47391,1191_BNG_pbc.tsv,2000,10,10000
47391,1191_BNG_pbc.tsv,2000,20,200
47391,1191_BNG_pbc.tsv,2000,20,500
47391,1191_BNG_pbc.tsv,2000,20,1000
47391,1191_BNG_pbc.tsv,2000,20,2000
47391,1191_BNG_pbc.tsv,2000,20,5000
47391,1191_BNG_pbc.tsv,2000,20,10000
47391,1191_BNG_pbc.tsv,2000,50,200
47391,1191_BNG_pbc.tsv,2000,50,500
47391,1191_BNG_pbc.tsv,2000,50,1000
47391,1191_BNG_pbc.tsv,2000,50,2000
47391,1191_BNG_pbc.tsv,2000,50,5000
47391,1191_BNG_pbc.tsv,2000,50,10000
47391,1191_BNG_pbc.tsv,2000,100,200
47391,1191_BNG_pbc.tsv,2000,100,500
47391,1191_BNG_pbc.tsv,2000,100,1000
47391,1191_BNG_pbc.tsv,2000,100,2000
47391,1191_BNG_pbc.tsv,2000,100,5000
47391,1191_BNG_pbc.tsv,2000,100,10000
47391,1191_BNG_pbc.tsv,5000,10,200
47391,1191_BNG_pbc.tsv,5000,10,500
47391,1191_BNG_pbc.tsv,5000,10,1000
47391,1191_BNG_pbc.tsv,5000,10,2000
47391,1191_BNG_pbc.tsv,5000,10,5000
47391,1191_BNG_pbc.tsv,5000,10,10000
47391,1191_BNG_pbc.tsv,5000,20,200
47391,1191_BNG_pbc.tsv,5000,20,500
47391,1191_BNG_pbc.tsv,5000,20,1000
47391,1191_BNG_pbc.tsv,5000,20,2000
47391,1191_BNG_pbc.tsv,5000,20,5000
47391,1191_BNG_pbc.tsv,5000,20,10000
47391,1191_BNG_pbc.tsv,5000,50,200
47391,1191_BNG_pbc.tsv,5000,50,500
47391,1191_BNG_pbc.tsv,5000,50,1000
47391,1191_BNG_pbc.tsv,5000,50,2000
47391,1191_BNG_pbc.tsv,5000,50,5000
47391,1191_BNG_pbc.tsv,5000,50,10000
47391,1191_BNG_pbc.tsv,5000,100,200
47391,1191_BNG_pbc.tsv,5000,100,500
47391,1191_BNG_pbc.tsv,5000,100,1000
47391,1191_BNG_pbc.tsv,5000,100,2000
47391,1191_BNG_pbc.tsv,5000,100,5000
47391,1191_BNG_pbc.tsv,5000,100,10000
47391,1191_BNG_pbc.tsv,10000,10,200
47391,1191_BNG_pbc.tsv,10000,10,500
47391,1191_BNG_pbc.tsv,10000,10,1000
47391,1191_BNG_pbc.tsv,10000,10,2000
47391,1191_BNG_pbc.tsv,10000,10,5000
47391,1191_BNG_pbc.tsv,10000,10,10000
47391,1191_BNG_pbc.tsv,10000,20,200
47391,1191_BNG_pbc.tsv,10000,20,500
47391,1191_BNG_pbc.tsv,10000,20,1000
47391,1191_BNG_pbc.tsv,10000,20,2000
47391,1191_BNG_pbc.tsv,10000,20,5000
47391,1191_BNG_pbc.tsv,10000,20,10000
47391,1191_BNG_pbc.tsv,10000,50,200
47391,1191_BNG_pbc.tsv,10000,50,500
47391,1191_BNG_pbc.tsv,10000,50,1000
47391,1191_BNG_pbc.tsv,10000,50,2000
47391,1191_BNG_pbc.tsv,10000,50,5000
47391,1191_BNG_pbc.tsv,10000,50,10000
47391,1191_BNG_pbc.tsv,10000,100,200
47391,1191_BNG_pbc.tsv,10000,100,500
47391,1191_BNG_pbc.tsv,10000,100,1000
47391,1191_BNG_pbc.tsv,10000,100,2000
47391,1191_BNG_pbc.tsv,10000,100,5000
47391,1191_BNG_pbc.tsv,10000,100,10000
47391,1191_BNG_pbc.tsv,20000,10,200
47391,1191_BNG_pbc.tsv,20000,10,500
47391,1191_BNG_pbc.tsv,20000,10,1000
47391,1191_BNG_pbc.tsv,20000,10,2000
47391,1191_BNG_pbc.tsv,20000,10,5000
47391,1191_BNG_pbc.tsv,20000,10,10000
47391,1191_BNG_pbc.tsv,20000,20,200
47391,1191_BNG_pbc.tsv,20000,20,500
47391,1191_BNG_pbc.tsv,20000,20,1000
47391,1191_BNG_pbc.tsv,20000,20,2000
47391,1191_BNG_pbc.tsv,20000,20,5000
47391,1191_BNG_pbc.tsv,20000,20,10000
47391,1191_BNG_pbc.tsv,20000,50,200
47391,1191_BNG_pbc.tsv,20000,50,500
47391,1191_BNG_pbc.tsv,20000,50,1000
47391,1191_BNG_pbc.tsv,20000,50,2000
47391,1191_BNG_pbc.tsv,20000,50,5000
47391,1191_BNG_pbc.tsv,20000,50,10000
47391,1191_BNG_pbc.tsv,20000,100,200
47391,1191_BNG_pbc.tsv,20000,100,500
47391,1191_BNG_pbc.tsv,20000,100,1000
47391,1191_BNG_pbc.tsv,20000,100,2000
47391,1191_BNG_pbc.tsv,20000,100,5000
47391,1191_BNG_pbc.tsv,20000,100,10000
47391,1191_BNG_pbc.tsv,50000,10,200
47391,1191_BNG_pbc.tsv,50000,10,500
47391,1191_BNG_pbc.tsv,50000,10,1000
47391,1191_BNG_pbc.tsv,50000,10,2000
47391,1191_BNG_pbc.tsv,50000,10,5000
47391,1191_BNG_pbc.tsv,50000,10,10000
47391,1191_BNG_pbc.tsv,50000,20,200
47391,1191_BNG_pbc.tsv,50000,20,500
47391,1191_BNG_pbc.tsv,50000,20,1000
47391,1191_BNG_pbc.tsv,50000,20,2000
47391,1191_BNG_pbc.tsv,50000,20,5000
47391,1191_BNG_pbc.tsv,50000,20,10000
47391,1191_BNG_pbc.tsv,50000,50,200
47391,1191_BNG_pbc.tsv,50000,50,500
47391,1191_BNG_pbc.tsv,50000,50,1000
47391,1191_BNG_pbc.tsv,50000,50,2000
47391,1191_BNG_pbc.tsv,50000,50,5000
47391,1191_BNG_pbc.tsv,50000,50,10000
47391,1191_BNG_pbc.tsv,50000,100,200
47391,1191_BNG_pbc.tsv,50000,100,500
47391,1191_BNG_pbc.tsv,50000,100,1000
47391,1191_BNG_pbc.tsv,50000,100,2000
47391,1191_BNG_pbc.tsv,50000,100,5000
47391,1191_BNG_pbc.tsv,50000,100,10000
47391,1196_BNG_pharynx.tsv,10,10,200
47391,1196_BNG_pharynx.tsv,10,10,500
47391,1196_BNG_pharynx.tsv,10,10,1000
47391,1196_BNG_pharynx.tsv,10,10,2000
47391,1196_BNG_pharynx.tsv,10,10,5000
47391,1196_BNG_pharynx.tsv,10,10,10000
47391,1196_BNG_pharynx.tsv,10,20,200
47391,1196_BNG_pharynx.tsv,10,20,500
47391,1196_BNG_pharynx.tsv,10,20,1000
47391,1196_BNG_pharynx.tsv,10,20,2000
47391,1196_BNG_pharynx.tsv,10,20,5000
47391,1196_BNG_pharynx.tsv,10,20,10000
47391,1196_BNG_pharynx.tsv,10,50,200
47391,1196_BNG_pharynx.tsv,10,50,500
47391,1196_BNG_pharynx.tsv,10,50,1000
47391,1196_BNG_pharynx.tsv,10,50,2000
47391,1196_BNG_pharynx.tsv,10,50,5000
47391,1196_BNG_pharynx.tsv,10,50,10000
47391,1196_BNG_pharynx.tsv,10,100,200
47391,1196_BNG_pharynx.tsv,10,100,500
47391,1196_BNG_pharynx.tsv,10,100,1000
47391,1196_BNG_pharynx.tsv,10,100,2000
47391,1196_BNG_pharynx.tsv,10,100,5000
47391,1196_BNG_pharynx.tsv,10,100,10000
47391,1196_BNG_pharynx.tsv,20,10,200
47391,1196_BNG_pharynx.tsv,20,10,500
47391,1196_BNG_pharynx.tsv,20,10,1000
47391,1196_BNG_pharynx.tsv,20,10,2000
47391,1196_BNG_pharynx.tsv,20,10,5000
47391,1196_BNG_pharynx.tsv,20,10,10000
47391,1196_BNG_pharynx.tsv,20,20,200
47391,1196_BNG_pharynx.tsv,20,20,500
47391,1196_BNG_pharynx.tsv,20,20,1000
47391,1196_BNG_pharynx.tsv,20,20,2000
47391,1196_BNG_pharynx.tsv,20,20,5000
47391,1196_BNG_pharynx.tsv,20,20,10000
47391,1196_BNG_pharynx.tsv,20,50,200
47391,1196_BNG_pharynx.tsv,20,50,500
47391,1196_BNG_pharynx.tsv,20,50,1000
47391,1196_BNG_pharynx.tsv,20,50,2000
47391,1196_BNG_pharynx.tsv,20,50,5000
47391,1196_BNG_pharynx.tsv,20,50,10000
47391,1196_BNG_pharynx.tsv,20,100,200
47391,1196_BNG_pharynx.tsv,20,100,500
47391,1196_BNG_pharynx.tsv,20,100,1000
47391,1196_BNG_pharynx.tsv,20,100,2000
47391,1196_BNG_pharynx.tsv,20,100,5000
47391,1196_BNG_pharynx.tsv,20,100,10000
47391,1196_BNG_pharynx.tsv,50,10,200
47391,1196_BNG_pharynx.tsv,50,10,500
47391,1196_BNG_pharynx.tsv,50,10,1000
47391,1196_BNG_pharynx.tsv,50,10,2000
47391,1196_BNG_pharynx.tsv,50,10,5000
47391,1196_BNG_pharynx.tsv,50,10,10000
47391,1196_BNG_pharynx.tsv,50,20,200
47391,1196_BNG_pharynx.tsv,50,20,500
47391,1196_BNG_pharynx.tsv,50,20,1000
47391,1196_BNG_pharynx.tsv,50,20,2000
47391,1196_BNG_pharynx.tsv,50,20,5000
47391,1196_BNG_pharynx.tsv,50,20,10000
47391,1196_BNG_pharynx.tsv,50,50,200
47391,1196_BNG_pharynx.tsv,50,50,500
47391,1196_BNG_pharynx.tsv,50,50,1000
47391,1196_BNG_pharynx.tsv,50,50,2000
47391,1196_BNG_pharynx.tsv,50,50,5000
47391,1196_BNG_pharynx.tsv,50,50,10000
47391,1196_BNG_pharynx.tsv,50,100,200
47391,1196_BNG_pharynx.tsv,50,100,500
47391,1196_BNG_pharynx.tsv,50,100,1000
47391,1196_BNG_pharynx.tsv,50,100,2000
47391,1196_BNG_pharynx.tsv,50,100,5000
47391,1196_BNG_pharynx.tsv,50,100,10000
47391,1196_BNG_pharynx.tsv,100,10,200
47391,1196_BNG_pharynx.tsv,100,10,500
47391,1196_BNG_pharynx.tsv,100,10,1000
47391,1196_BNG_pharynx.tsv,100,10,2000
47391,1196_BNG_pharynx.tsv,100,10,5000
47391,1196_BNG_pharynx.tsv,100,10,10000
47391,1196_BNG_pharynx.tsv,100,20,200
47391,1196_BNG_pharynx.tsv,100,20,500
47391,1196_BNG_pharynx.tsv,100,20,1000
47391,1196_BNG_pharynx.tsv,100,20,2000
47391,1196_BNG_pharynx.tsv,100,20,5000
47391,1196_BNG_pharynx.tsv,100,20,10000
47391,1196_BNG_pharynx.tsv,100,50,200
47391,1196_BNG_pharynx.tsv,100,50,500
47391,1196_BNG_pharynx.tsv,100,50,1000
47391,1196_BNG_pharynx.tsv,100,50,2000
47391,1196_BNG_pharynx.tsv,100,50,5000
47391,1196_BNG_pharynx.tsv,100,50,10000
47391,1196_BNG_pharynx.tsv,100,100,200
47391,1196_BNG_pharynx.tsv,100,100,500
47391,1196_BNG_pharynx.tsv,100,100,1000
47391,1196_BNG_pharynx.tsv,100,100,2000
47391,1196_BNG_pharynx.tsv,100,100,5000
47391,1196_BNG_pharynx.tsv,100,100,10000
47391,1196_BNG_pharynx.tsv,200,10,200
47391,1196_BNG_pharynx.tsv,200,10,500
47391,1196_BNG_pharynx.tsv,200,10,1000
47391,1196_BNG_pharynx.tsv,200,10,2000
47391,1196_BNG_pharynx.tsv,200,10,5000
47391,1196_BNG_pharynx.tsv,200,10,10000
47391,1196_BNG_pharynx.tsv,200,20,200
47391,1196_BNG_pharynx.tsv,200,20,500
47391,1196_BNG_pharynx.tsv,200,20,1000
47391,1196_BNG_pharynx.tsv,200,20,2000
47391,1196_BNG_pharynx.tsv,200,20,5000
47391,1196_BNG_pharynx.tsv,200,20,10000
47391,1196_BNG_pharynx.tsv,200,50,200
47391,1196_BNG_pharynx.tsv,200,50,500
47391,1196_BNG_pharynx.tsv,200,50,1000
47391,1196_BNG_pharynx.tsv,200,50,2000
47391,1196_BNG_pharynx.tsv,200,50,5000
47391,1196_BNG_pharynx.tsv,200,50,10000
47391,1196_BNG_pharynx.tsv,200,100,200
47391,1196_BNG_pharynx.tsv,200,100,500
47391,1196_BNG_pharynx.tsv,200,100,1000
47391,1196_BNG_pharynx.tsv,200,100,2000
47391,1196_BNG_pharynx.tsv,200,100,5000
47391,1196_BNG_pharynx.tsv,200,100,10000
47391,1196_BNG_pharynx.tsv,500,10,200
47391,1196_BNG_pharynx.tsv,500,10,500
47391,1196_BNG_pharynx.tsv,500,10,1000
47391,1196_BNG_pharynx.tsv,500,10,2000
47391,1196_BNG_pharynx.tsv,500,10,5000
47391,1196_BNG_pharynx.tsv,500,10,10000
47391,1196_BNG_pharynx.tsv,500,20,200
47391,1196_BNG_pharynx.tsv,500,20,500
47391,1196_BNG_pharynx.tsv,500,20,1000
47391,1196_BNG_pharynx.tsv,500,20,2000
47391,1196_BNG_pharynx.tsv,500,20,5000
47391,1196_BNG_pharynx.tsv,500,20,10000
47391,1196_BNG_pharynx.tsv,500,50,200
47391,1196_BNG_pharynx.tsv,500,50,500
47391,1196_BNG_pharynx.tsv,500,50,1000
47391,1196_BNG_pharynx.tsv,500,50,2000
47391,1196_BNG_pharynx.tsv,500,50,5000
47391,1196_BNG_pharynx.tsv,500,50,10000
47391,1196_BNG_pharynx.tsv,500,100,200
47391,1196_BNG_pharynx.tsv,500,100,500
47391,1196_BNG_pharynx.tsv,500,100,1000
47391,1196_BNG_pharynx.tsv,500,100,2000
47391,1196_BNG_pharynx.tsv,500,100,5000
47391,1196_BNG_pharynx.tsv,500,100,10000
47391,1196_BNG_pharynx.tsv,1000,10,200
47391,1196_BNG_pharynx.tsv,1000,10,500
47391,1196_BNG_pharynx.tsv,1000,10,1000
47391,1196_BNG_pharynx.tsv,1000,10,2000
47391,1196_BNG_pharynx.tsv,1000,10,5000
47391,1196_BNG_pharynx.tsv,1000,10,10000
47391,1196_BNG_pharynx.tsv,1000,20,200
47391,1196_BNG_pharynx.tsv,1000,20,500
47391,1196_BNG_pharynx.tsv,1000,20,1000
47391,1196_BNG_pharynx.tsv,1000,20,2000
47391,1196_BNG_pharynx.tsv,1000,20,5000
47391,1196_BNG_pharynx.tsv,1000,20,10000
47391,1196_BNG_pharynx.tsv,1000,50,200
47391,1196_BNG_pharynx.tsv,1000,50,500
47391,1196_BNG_pharynx.tsv,1000,50,1000
47391,1196_BNG_pharynx.tsv,1000,50,2000
47391,1196_BNG_pharynx.tsv,1000,50,5000
47391,1196_BNG_pharynx.tsv,1000,50,10000
47391,1196_BNG_pharynx.tsv,1000,100,200
47391,1196_BNG_pharynx.tsv,1000,100,500
47391,1196_BNG_pharynx.tsv,1000,100,1000
47391,1196_BNG_pharynx.tsv,1000,100,2000
47391,1196_BNG_pharynx.tsv,1000,100,5000
47391,1196_BNG_pharynx.tsv,1000,100,10000
47391,1196_BNG_pharynx.tsv,2000,10,200
47391,1196_BNG_pharynx.tsv,2000,10,500
47391,1196_BNG_pharynx.tsv,2000,10,1000
47391,1196_BNG_pharynx.tsv,2000,10,2000
47391,1196_BNG_pharynx.tsv,2000,10,5000
47391,1196_BNG_pharynx.tsv,2000,10,10000
47391,1196_BNG_pharynx.tsv,2000,20,200
47391,1196_BNG_pharynx.tsv,2000,20,500
47391,1196_BNG_pharynx.tsv,2000,20,1000
47391,1196_BNG_pharynx.tsv,2000,20,2000
47391,1196_BNG_pharynx.tsv,2000,20,5000
47391,1196_BNG_pharynx.tsv,2000,20,10000
47391,1196_BNG_pharynx.tsv,2000,50,200
47391,1196_BNG_pharynx.tsv,2000,50,500
47391,1196_BNG_pharynx.tsv,2000,50,1000
47391,1196_BNG_pharynx.tsv,2000,50,2000
47391,1196_BNG_pharynx.tsv,2000,50,5000
47391,1196_BNG_pharynx.tsv,2000,50,10000
47391,1196_BNG_pharynx.tsv,2000,100,200
47391,1196_BNG_pharynx.tsv,2000,100,500
47391,1196_BNG_pharynx.tsv,2000,100,1000
47391,1196_BNG_pharynx.tsv,2000,100,2000
47391,1196_BNG_pharynx.tsv,2000,100,5000
47391,1196_BNG_pharynx.tsv,2000,100,10000
47391,1196_BNG_pharynx.tsv,5000,10,200
47391,1196_BNG_pharynx.tsv,5000,10,500
47391,1196_BNG_pharynx.tsv,5000,10,1000
47391,1196_BNG_pharynx.tsv,5000,10,2000
47391,1196_BNG_pharynx.tsv,5000,10,5000
47391,1196_BNG_pharynx.tsv,5000,10,10000
47391,1196_BNG_pharynx.tsv,5000,20,200
47391,1196_BNG_pharynx.tsv,5000,20,500
47391,1196_BNG_pharynx.tsv,5000,20,1000
47391,1196_BNG_pharynx.tsv,5000,20,2000
47391,1196_BNG_pharynx.tsv,5000,20,5000
47391,1196_BNG_pharynx.tsv,5000,20,10000
47391,1196_BNG_pharynx.tsv,5000,50,200
47391,1196_BNG_pharynx.tsv,5000,50,500
47391,1196_BNG_pharynx.tsv,5000,50,1000
47391,1196_BNG_pharynx.tsv,5000,50,2000
47391,1196_BNG_pharynx.tsv,5000,50,5000
47391,1196_BNG_pharynx.tsv,5000,50,10000
47391,1196_BNG_pharynx.tsv,5000,100,200
47391,1196_BNG_pharynx.tsv,5000,100,500
47391,1196_BNG_pharynx.tsv,5000,100,1000
47391,1196_BNG_pharynx.tsv,5000,100,2000
47391,1196_BNG_pharynx.tsv,5000,100,5000
47391,1196_BNG_pharynx.tsv,5000,100,10000
47391,1196_BNG_pharynx.tsv,10000,10,200
47391,1196_BNG_pharynx.tsv,10000,10,500
47391,1196_BNG_pharynx.tsv,10000,10,1000
47391,1196_BNG_pharynx.tsv,10000,10,2000
47391,1196_BNG_pharynx.tsv,10000,10,5000
47391,1196_BNG_pharynx.tsv,10000,10,10000
47391,1196_BNG_pharynx.tsv,10000,20,200
47391,1196_BNG_pharynx.tsv,10000,20,500
47391,1196_BNG_pharynx.tsv,10000,20,1000
47391,1196_BNG_pharynx.tsv,10000,20,2000
47391,1196_BNG_pharynx.tsv,10000,20,5000
47391,1196_BNG_pharynx.tsv,10000,20,10000
47391,1196_BNG_pharynx.tsv,10000,50,200
47391,1196_BNG_pharynx.tsv,10000,50,500
47391,1196_BNG_pharynx.tsv,10000,50,1000
47391,1196_BNG_pharynx.tsv,10000,50,2000
47391,1196_BNG_pharynx.tsv,10000,50,5000
47391,1196_BNG_pharynx.tsv,10000,50,10000
47391,1196_BNG_pharynx.tsv,10000,100,200
47391,1196_BNG_pharynx.tsv,10000,100,500
47391,1196_BNG_pharynx.tsv,10000,100,1000
47391,1196_BNG_pharynx.tsv,10000,100,2000
47391,1196_BNG_pharynx.tsv,10000,100,5000
47391,1196_BNG_pharynx.tsv,10000,100,10000
47391,1196_BNG_pharynx.tsv,20000,10,200
47391,1196_BNG_pharynx.tsv,20000,10,500
47391,1196_BNG_pharynx.tsv,20000,10,1000
47391,1196_BNG_pharynx.tsv,20000,10,2000
47391,1196_BNG_pharynx.tsv,20000,10,5000
47391,1196_BNG_pharynx.tsv,20000,10,10000
47391,1196_BNG_pharynx.tsv,20000,20,200
47391,1196_BNG_pharynx.tsv,20000,20,500
47391,1196_BNG_pharynx.tsv,20000,20,1000
47391,1196_BNG_pharynx.tsv,20000,20,2000
47391,1196_BNG_pharynx.tsv,20000,20,5000
47391,1196_BNG_pharynx.tsv,20000,20,10000
47391,1196_BNG_pharynx.tsv,20000,50,200
47391,1196_BNG_pharynx.tsv,20000,50,500
47391,1196_BNG_pharynx.tsv,20000,50,1000
47391,1196_BNG_pharynx.tsv,20000,50,2000
47391,1196_BNG_pharynx.tsv,20000,50,5000
47391,1196_BNG_pharynx.tsv,20000,50,10000
47391,1196_BNG_pharynx.tsv,20000,100,200
47391,1196_BNG_pharynx.tsv,20000,100,500
47391,1196_BNG_pharynx.tsv,20000,100,1000
47391,1196_BNG_pharynx.tsv,20000,100,2000
47391,1196_BNG_pharynx.tsv,20000,100,5000
47391,1196_BNG_pharynx.tsv,20000,100,10000
47391,1196_BNG_pharynx.tsv,50000,10,200
47391,1196_BNG_pharynx.tsv,50000,10,500
47391,1196_BNG_pharynx.tsv,50000,10,1000
47391,1196_BNG_pharynx.tsv,50000,10,2000
47391,1196_BNG_pharynx.tsv,50000,10,5000
47391,1196_BNG_pharynx.tsv,50000,10,10000
47391,1196_BNG_pharynx.tsv,50000,20,200
47391,1196_BNG_pharynx.tsv,50000,20,500
47391,1196_BNG_pharynx.tsv,50000,20,1000
47391,1196_BNG_pharynx.tsv,50000,20,2000
47391,1196_BNG_pharynx.tsv,50000,20,5000
47391,1196_BNG_pharynx.tsv,50000,20,10000
47391,1196_BNG_pharynx.tsv,50000,50,200
47391,1196_BNG_pharynx.tsv,50000,50,500
47391,1196_BNG_pharynx.tsv,50000,50,1000
47391,1196_BNG_pharynx.tsv,50000,50,2000
47391,1196_BNG_pharynx.tsv,50000,50,5000
47391,1196_BNG_pharynx.tsv,50000,50,10000
47391,1196_BNG_pharynx.tsv,50000,100,200
47391,1196_BNG_pharynx.tsv,50000,100,500
47391,1196_BNG_pharynx.tsv,50000,100,1000
47391,1196_BNG_pharynx.tsv,50000,100,2000
47391,1196_BNG_pharynx.tsv,50000,100,5000
47391,1196_BNG_pharynx.tsv,50000,100,10000
47391,1595_poker.tsv,10,10,200
47391,1595_poker.tsv,10,10,500
47391,1595_poker.tsv,10,10,1000
47391,1595_poker.tsv,10,10,2000
47391,1595_poker.tsv,10,10,5000
47391,1595_poker.tsv,10,10,10000
47391,1595_poker.tsv,10,20,200
47391,1595_poker.tsv,10,20,500
47391,1595_poker.tsv,10,20,1000
47391,1595_poker.tsv,10,20,2000
47391,1595_poker.tsv,10,20,5000
47391,1595_poker.tsv,10,20,10000
47391,1595_poker.tsv,10,50,200
47391,1595_poker.tsv,10,50,500
47391,1595_poker.tsv,10,50,1000
47391,1595_poker.tsv,10,50,2000
47391,1595_poker.tsv,10,50,5000
47391,1595_poker.tsv,10,50,10000
47391,1595_poker.tsv,10,100,200
47391,1595_poker.tsv,10,100,500
47391,1595_poker.tsv,10,100,1000
47391,1595_poker.tsv,10,100,2000
47391,1595_poker.tsv,10,100,5000
47391,1595_poker.tsv,10,100,10000
47391,1595_poker.tsv,20,10,200
47391,1595_poker.tsv,20,10,500
47391,1595_poker.tsv,20,10,1000
47391,1595_poker.tsv,20,10,2000
47391,1595_poker.tsv,20,10,5000
47391,1595_poker.tsv,20,10,10000
47391,1595_poker.tsv,20,20,200
47391,1595_poker.tsv,20,20,500
47391,1595_poker.tsv,20,20,1000
47391,1595_poker.tsv,20,20,2000
47391,1595_poker.tsv,20,20,5000
47391,1595_poker.tsv,20,20,10000
47391,1595_poker.tsv,20,50,200
47391,1595_poker.tsv,20,50,500
47391,1595_poker.tsv,20,50,1000
47391,1595_poker.tsv,20,50,2000
47391,1595_poker.tsv,20,50,5000
47391,1595_poker.tsv,20,50,10000
47391,1595_poker.tsv,20,100,200
47391,1595_poker.tsv,20,100,500
47391,1595_poker.tsv,20,100,1000
47391,1595_poker.tsv,20,100,2000
47391,1595_poker.tsv,20,100,5000
47391,1595_poker.tsv,20,100,10000
47391,1595_poker.tsv,50,10,200
47391,1595_poker.tsv,50,10,500
47391,1595_poker.tsv,50,10,1000
47391,1595_poker.tsv,50,10,2000
47391,1595_poker.tsv,50,10,5000
47391,1595_poker.tsv,50,10,10000
47391,1595_poker.tsv,50,20,200
47391,1595_poker.tsv,50,20,500
47391,1595_poker.tsv,50,20,1000
47391,1595_poker.tsv,50,20,2000
47391,1595_poker.tsv,50,20,5000
47391,1595_poker.tsv,50,20,10000
47391,1595_poker.tsv,50,50,200
47391,1595_poker.tsv,50,50,500
47391,1595_poker.tsv,50,50,1000
47391,1595_poker.tsv,50,50,2000
47391,1595_poker.tsv,50,50,5000
47391,1595_poker.tsv,50,50,10000
47391,1595_poker.tsv,50,100,200
47391,1595_poker.tsv,50,100,500
47391,1595_poker.tsv,50,100,1000
47391,1595_poker.tsv,50,100,2000
47391,1595_poker.tsv,50,100,5000
47391,1595_poker.tsv,50,100,10000
47391,1595_poker.tsv,100,10,200
47391,1595_poker.tsv,100,10,500
47391,1595_poker.tsv,100,10,1000
47391,1595_poker.tsv,100,10,2000
47391,1595_poker.tsv,100,10,5000
47391,1595_poker.tsv,100,10,10000
47391,1595_poker.tsv,100,20,200
47391,1595_poker.tsv,100,20,500
47391,1595_poker.tsv,100,20,1000
47391,1595_poker.tsv,100,20,2000
47391,1595_poker.tsv,100,20,5000
47391,1595_poker.tsv,100,20,10000
47391,1595_poker.tsv,100,50,200
47391,1595_poker.tsv,100,50,500
47391,1595_poker.tsv,100,50,1000
47391,1595_poker.tsv,100,50,2000
47391,1595_poker.tsv,100,50,5000
47391,1595_poker.tsv,100,50,10000
47391,1595_poker.tsv,100,100,200
47391,1595_poker.tsv,100,100,500
47391,1595_poker.tsv,100,100,1000
47391,1595_poker.tsv,100,100,2000
47391,1595_poker.tsv,100,100,5000
47391,1595_poker.tsv,100,100,10000
47391,1595_poker.tsv,200,10,200
47391,1595_poker.tsv,200,10,500
47391,1595_poker.tsv,200,10,1000
47391,1595_poker.tsv,200,10,2000
47391,1595_poker.tsv,200,10,5000
47391,1595_poker.tsv,200,10,10000
47391,1595_poker.tsv,200,20,200
47391,1595_poker.tsv,200,20,500
47391,1595_poker.tsv,200,20,1000
47391,1595_poker.tsv,200,20,2000
47391,1595_poker.tsv,200,20,5000
47391,1595_poker.tsv,200,20,10000
47391,1595_poker.tsv,200,50,200
47391,1595_poker.tsv,200,50,500
47391,1595_poker.tsv,200,50,1000
47391,1595_poker.tsv,200,50,2000
47391,1595_poker.tsv,200,50,5000
47391,1595_poker.tsv,200,50,10000
47391,1595_poker.tsv,200,100,200
47391,1595_poker.tsv,200,100,500
47391,1595_poker.tsv,200,100,1000
47391,1595_poker.tsv,200,100,2000
47391,1595_poker.tsv,200,100,5000
47391,1595_poker.tsv,200,100,10000
47391,1595_poker.tsv,500,10,200
47391,1595_poker.tsv,500,10,500
47391,1595_poker.tsv,500,10,1000
47391,1595_poker.tsv,500,10,2000
47391,1595_poker.tsv,500,10,5000
47391,1595_poker.tsv,500,10,10000
47391,1595_poker.tsv,500,20,200
47391,1595_poker.tsv,500,20,500
47391,1595_poker.tsv,500,20,1000
47391,1595_poker.tsv,500,20,2000
47391,1595_poker.tsv,500,20,5000
47391,1595_poker.tsv,500,20,10000
47391,1595_poker.tsv,500,50,200
47391,1595_poker.tsv,500,50,500
47391,1595_poker.tsv,500,50,1000
47391,1595_poker.tsv,500,50,2000
47391,1595_poker.tsv,500,50,5000
47391,1595_poker.tsv,500,50,10000
47391,1595_poker.tsv,500,100,200
47391,1595_poker.tsv,500,100,500
47391,1595_poker.tsv,500,100,1000
47391,1595_poker.tsv,500,100,2000
47391,1595_poker.tsv,500,100,5000
47391,1595_poker.tsv,500,100,10000
47391,1595_poker.tsv,1000,10,200
47391,1595_poker.tsv,1000,10,500
47391,1595_poker.tsv,1000,10,1000
47391,1595_poker.tsv,1000,10,2000
47391,1595_poker.tsv,1000,10,5000
47391,1595_poker.tsv,1000,10,10000
47391,1595_poker.tsv,1000,20,200
47391,1595_poker.tsv,1000,20,500
47391,1595_poker.tsv,1000,20,1000
47391,1595_poker.tsv,1000,20,2000
47391,1595_poker.tsv,1000,20,5000
47391,1595_poker.tsv,1000,20,10000
47391,1595_poker.tsv,1000,50,200
47391,1595_poker.tsv,1000,50,500
47391,1595_poker.tsv,1000,50,1000
47391,1595_poker.tsv,1000,50,2000
47391,1595_poker.tsv,1000,50,5000
47391,1595_poker.tsv,1000,50,10000
47391,1595_poker.tsv,1000,100,200
47391,1595_poker.tsv,1000,100,500
47391,1595_poker.tsv,1000,100,1000
47391,1595_poker.tsv,1000,100,2000
47391,1595_poker.tsv,1000,100,5000
47391,1595_poker.tsv,1000,100,10000
47391,1595_poker.tsv,2000,10,200
47391,1595_poker.tsv,2000,10,500
47391,1595_poker.tsv,2000,10,1000
47391,1595_poker.tsv,2000,10,2000
47391,1595_poker.tsv,2000,10,5000
47391,1595_poker.tsv,2000,10,10000
47391,1595_poker.tsv,2000,20,200
47391,1595_poker.tsv,2000,20,500
47391,1595_poker.tsv,2000,20,1000
47391,1595_poker.tsv,2000,20,2000
47391,1595_poker.tsv,2000,20,5000
47391,1595_poker.tsv,2000,20,10000
47391,1595_poker.tsv,2000,50,200
47391,1595_poker.tsv,2000,50,500
47391,1595_poker.tsv,2000,50,1000
47391,1595_poker.tsv,2000,50,2000
47391,1595_poker.tsv,2000,50,5000
47391,1595_poker.tsv,2000,50,10000
47391,1595_poker.tsv,2000,100,200
47391,1595_poker.tsv,2000,100,500
47391,1595_poker.tsv,2000,100,1000
47391,1595_poker.tsv,2000,100,2000
47391,1595_poker.tsv,2000,100,5000
47391,1595_poker.tsv,2000,100,10000
47391,1595_poker.tsv,5000,10,200
47391,1595_poker.tsv,5000,10,500
47391,1595_poker.tsv,5000,10,1000
47391,1595_poker.tsv,5000,10,2000
47391,1595_poker.tsv,5000,10,5000
47391,1595_poker.tsv,5000,10,10000
47391,1595_poker.tsv,5000,20,200
47391,1595_poker.tsv,5000,20,500
47391,1595_poker.tsv,5000,20,1000
47391,1595_poker.tsv,5000,20,2000
47391,1595_poker.tsv,5000,20,5000
47391,1595_poker.tsv,5000,20,10000
47391,1595_poker.tsv,5000,50,200
47391,1595_poker.tsv,5000,50,500
47391,1595_poker.tsv,5000,50,1000
47391,1595_poker.tsv,5000,50,2000
47391,1595_poker.tsv,5000,50,5000
47391,1595_poker.tsv,5000,50,10000
47391,1595_poker.tsv,5000,100,200
47391,1595_poker.tsv,5000,100,500
47391,1595_poker.tsv,5000,100,1000
47391,1595_poker.tsv,5000,100,2000
47391,1595_poker.tsv,5000,100,5000
47391,1595_poker.tsv,5000,100,10000
47391,1595_poker.tsv,10000,10,200
47391,1595_poker.tsv,10000,10,500
47391,1595_poker.tsv,10000,10,1000
47391,1595_poker.tsv,10000,10,2000
47391,1595_poker.tsv,10000,10,5000
47391,1595_poker.tsv,10000,10,10000
47391,1595_poker.tsv,10000,20,200
47391,1595_poker.tsv,10000,20,500
47391,1595_poker.tsv,10000,20,1000
47391,1595_poker.tsv,10000,20,2000
47391,1595_poker.tsv,10000,20,5000
47391,1595_poker.tsv,10000,20,10000
47391,1595_poker.tsv,10000,50,200
47391,1595_poker.tsv,10000,50,500
47391,1595_poker.tsv,10000,50,1000
47391,1595_poker.tsv,10000,50,2000
47391,1595_poker.tsv,10000,50,5000
47391,1595_poker.tsv,10000,50,10000
47391,1595_poker.tsv,10000,100,200
47391,1595_poker.tsv,10000,100,500
47391,1595_poker.tsv,10000,100,1000
47391,1595_poker.tsv,10000,100,2000
47391,1595_poker.tsv,10000,100,5000
47391,1595_poker.tsv,10000,100,10000
47391,1595_poker.tsv,20000,10,200
47391,1595_poker.tsv,20000,10,500
47391,1595_poker.tsv,20000,10,1000
47391,1595_poker.tsv,20000,10,2000
47391,1595_poker.tsv,20000,10,5000
47391,1595_poker.tsv,20000,10,10000
47391,1595_poker.tsv,20000,20,200
47391,1595_poker.tsv,20000,20,500
47391,1595_poker.tsv,20000,20,1000
47391,1595_poker.tsv,20000,20,2000
47391,1595_poker.tsv,20000,20,5000
47391,1595_poker.tsv,20000,20,10000
47391,1595_poker.tsv,20000,50,200
47391,1595_poker.tsv,20000,50,500
47391,1595_poker.tsv,20000,50,1000
47391,1595_poker.tsv,20000,50,2000
47391,1595_poker.tsv,20000,50,5000
47391,1595_poker.tsv,20000,50,10000
47391,1595_poker.tsv,20000,100,200
47391,1595_poker.tsv,20000,100,500
47391,1595_poker.tsv,20000,100,1000
47391,1595_poker.tsv,20000,100,2000
47391,1595_poker.tsv,20000,100,5000
47391,1595_poker.tsv,20000,100,10000
47391,1595_poker.tsv,50000,10,200
47391,1595_poker.tsv,50000,10,500
47391,1595_poker.tsv,50000,10,1000
47391,1595_poker.tsv,50000,10,2000
47391,1595_poker.tsv,50000,10,5000
47391,1595_poker.tsv,50000,10,10000
47391,1595_poker.tsv,50000,20,200
47391,1595_poker.tsv,50000,20,500
47391,1595_poker.tsv,50000,20,1000
47391,1595_poker.tsv,50000,20,2000
47391,1595_poker.tsv,50000,20,5000
47391,1595_poker.tsv,50000,20,10000
47391,1595_poker.tsv,50000,50,200
47391,1595_poker.tsv,50000,50,500
47391,1595_poker.tsv,50000,50,1000
47391,1595_poker.tsv,50000,50,2000
47391,1595_poker.tsv,50000,50,5000
47391,1595_poker.tsv,50000,50,10000
47391,1595_poker.tsv,50000,100,200
47391,1595_poker.tsv,50000,100,500
47391,1595_poker.tsv,50000,100,1000
47391,1595_poker.tsv,50000,100,2000
47391,1595_poker.tsv,50000,100,5000
47391,1595_poker.tsv,50000,100,10000