47931,1191_BNG_pbc.tsv,20,10,500
47931,1191_BNG_pbc.tsv,20,20,1000
75528,1191_BNG_pbc.tsv,10,10,2000
75528,1191_BNG_pbc.tsv,20,20,1000
192969,1191_BNG_pbc.tsv,20,20,1000
192969,1191_BNG_pbc.tsv,10,20,200
192969,1191_BNG_pbc.tsv,200,10,10000
226290,1191_BNG_pbc.tsv,20,20,1000
226290,1191_BNG_pbc.tsv,20,10,2000
226290,1191_BNG_pbc.tsv,20,10,10000
444942,1191_BNG_pbc.tsv,20,20,1000
444942,1191_BNG_pbc.tsv,10,50,500
478839,1191_BNG_pbc.tsv,10,50,5000
478839,1191_BNG_pbc.tsv,20,20,1000
601195,1191_BNG_pbc.tsv,10,50,5000
601195,1191_BNG_pbc.tsv,20,20,500
601195,1191_BNG_pbc.tsv,20,20,1000
645795,1191_BNG_pbc.tsv,10,10,2000
645795,1191_BNG_pbc.tsv,20,20,1000
645795,1196_BNG_pharynx.tsv,100,10,500
739190,1191_BNG_pbc.tsv,10,20,10000
739190,1191_BNG_pbc.tsv,20,20,1000
739190,1191_BNG_pbc.tsv,50,100,500
739190,1191_BNG_pbc.tsv,50,50,10000
786668,1191_BNG_pbc.tsv,10,10,10000
786668,1191_BNG_pbc.tsv,20,20,1000
943369,1191_BNG_pbc.tsv,10,50,5000
943369,1191_BNG_pbc.tsv,20,20,1000
246723,1191_BNG_pbc.tsv,10,10,500
246723,1191_BNG_pbc.tsv,10000,20,1000
406090,1191_BNG_pbc.tsv,10,10,500
55414,1196_BNG_pharynx.tsv,50000,50,10000