786668,1191_BNG_pbc.tsv,100000,200,10
786668,1191_BNG_pbc.tsv,100000,200,20
786668,1191_BNG_pbc.tsv,100000,200,50
786668,1191_BNG_pbc.tsv,100000,200,100
786668,1191_BNG_pbc.tsv,100000,500,10
786668,1191_BNG_pbc.tsv,100000,500,20
786668,1191_BNG_pbc.tsv,100000,500,50
786668,1191_BNG_pbc.tsv,100000,500,100
786668,1191_BNG_pbc.tsv,100000,1000,10
786668,1191_BNG_pbc.tsv,100000,1000,20
786668,1191_BNG_pbc.tsv,100000,1000,50
786668,1191_BNG_pbc.tsv,100000,1000,100
786668,1191_BNG_pbc.tsv,100000,2000,10
786668,1191_BNG_pbc.tsv,100000,2000,20
786668,1191_BNG_pbc.tsv,100000,2000,50
786668,1191_BNG_pbc.tsv,100000,2000,100
786668,1191_BNG_pbc.tsv,100000,5000,10
786668,1191_BNG_pbc.tsv,100000,5000,20
786668,1191_BNG_pbc.tsv,100000,5000,50
786668,1191_BNG_pbc.tsv,100000,5000,100
786668,1191_BNG_pbc.tsv,100000,10000,10
786668,1191_BNG_pbc.tsv,100000,10000,20
786668,1191_BNG_pbc.tsv,100000,10000,50
786668,1191_BNG_pbc.tsv,100000,10000,100
786668,1191_BNG_pbc.tsv,250000,200,10
786668,1191_BNG_pbc.tsv,250000,200,20
786668,1191_BNG_pbc.tsv,250000,200,50
786668,1191_BNG_pbc.tsv,250000,200,100
786668,1191_BNG_pbc.tsv,250000,500,10
786668,1191_BNG_pbc.tsv,250000,500,20
786668,1191_BNG_pbc.tsv,250000,500,50
786668,1191_BNG_pbc.tsv,250000,500,100
786668,1191_BNG_pbc.tsv,250000,1000,10
786668,1191_BNG_pbc.tsv,250000,1000,20
786668,1191_BNG_pbc.tsv,250000,1000,50
786668,1191_BNG_pbc.tsv,250000,1000,100
786668,1191_BNG_pbc.tsv,250000,2000,10
786668,1191_BNG_pbc.tsv,250000,2000,20
786668,1191_BNG_pbc.tsv,250000,2000,50
786668,1191_BNG_pbc.tsv,250000,2000,100
786668,1191_BNG_pbc.tsv,250000,5000,10
786668,1191_BNG_pbc.tsv,250000,5000,20
786668,1191_BNG_pbc.tsv,250000,5000,50
786668,1191_BNG_pbc.tsv,250000,5000,100
786668,1191_BNG_pbc.tsv,250000,10000,10
786668,1191_BNG_pbc.tsv,250000,10000,20
786668,1191_BNG_pbc.tsv,250000,10000,50
786668,1191_BNG_pbc.tsv,250000,10000,100
786668,1191_BNG_pbc.tsv,500000,200,10
786668,1191_BNG_pbc.tsv,500000,200,20
786668,1191_BNG_pbc.tsv,500000,200,50
786668,1191_BNG_pbc.tsv,500000,200,100
786668,1191_BNG_pbc.tsv,500000,500,10
786668,1191_BNG_pbc.tsv,500000,500,20
786668,1191_BNG_pbc.tsv,500000,500,50
786668,1191_BNG_pbc.tsv,500000,500,100
786668,1191_BNG_pbc.tsv,500000,1000,10
786668,1191_BNG_pbc.tsv,500000,1000,20
786668,1191_BNG_pbc.tsv,500000,1000,50
786668,1191_BNG_pbc.tsv,500000,1000,100
786668,1191_BNG_pbc.tsv,500000,2000,10
786668,1191_BNG_pbc.tsv,500000,2000,20
786668,1191_BNG_pbc.tsv,500000,2000,50
786668,1191_BNG_pbc.tsv,500000,2000,100
786668,1191_BNG_pbc.tsv,500000,5000,10
786668,1191_BNG_pbc.tsv,500000,5000,20
786668,1191_BNG_pbc.tsv,500000,5000,50
786668,1191_BNG_pbc.tsv,500000,5000,100
786668,1191_BNG_pbc.tsv,500000,10000,10
786668,1191_BNG_pbc.tsv,500000,10000,20
786668,1191_BNG_pbc.tsv,500000,10000,50
786668,1191_BNG_pbc.tsv,500000,10000,100
786668,1196_BNG_pharynx.tsv,100000,200,10
786668,1196_BNG_pharynx.tsv,100000,200,20
786668,1196_BNG_pharynx.tsv,100000,200,50
786668,1196_BNG_pharynx.tsv,100000,200,100
786668,1196_BNG_pharynx.tsv,100000,500,10
786668,1196_BNG_pharynx.tsv,100000,500,20
786668,1196_BNG_pharynx.tsv,100000,500,50
786668,1196_BNG_pharynx.tsv,100000,500,100
786668,1196_BNG_pharynx.tsv,100000,1000,10
786668,1196_BNG_pharynx.tsv,100000,1000,20
786668,1196_BNG_pharynx.tsv,100000,1000,50
786668,1196_BNG_pharynx.tsv,100000,1000,100
786668,1196_BNG_pharynx.tsv,100000,2000,10
786668,1196_BNG_pharynx.tsv,100000,2000,20
786668,1196_BNG_pharynx.tsv,100000,2000,50
786668,1196_BNG_pharynx.tsv,100000,2000,100
786668,1196_BNG_pharynx.tsv,100000,5000,10
786668,1196_BNG_pharynx.tsv,100000,5000,20
786668,1196_BNG_pharynx.tsv,100000,5000,50
786668,1196_BNG_pharynx.tsv,100000,5000,100
786668,1196_BNG_pharynx.tsv,100000,10000,10
786668,1196_BNG_pharynx.tsv,100000,10000,20
786668,1196_BNG_pharynx.tsv,100000,10000,50
786668,1196_BNG_pharynx.tsv,100000,10000,100
786668,1196_BNG_pharynx.tsv,250000,200,10
786668,1196_BNG_pharynx.tsv,250000,200,20
786668,1196_BNG_pharynx.tsv,250000,200,50
786668,1196_BNG_pharynx.tsv,250000,200,100
786668,1196_BNG_pharynx.tsv,250000,500,10
786668,1196_BNG_pharynx.tsv,250000,500,20
786668,1196_BNG_pharynx.tsv,250000,500,50
786668,1196_BNG_pharynx.tsv,250000,500,100
786668,1196_BNG_pharynx.tsv,250000,1000,10
786668,1196_BNG_pharynx.tsv,250000,1000,20
786668,1196_BNG_pharynx.tsv,250000,1000,50
786668,1196_BNG_pharynx.tsv,250000,1000,100
786668,1196_BNG_pharynx.tsv,250000,2000,10
786668,1196_BNG_pharynx.tsv,250000,2000,20
786668,1196_BNG_pharynx.tsv,250000,2000,50
786668,1196_BNG_pharynx.tsv,250000,2000,100
786668,1196_BNG_pharynx.tsv,250000,5000,10
786668,1196_BNG_pharynx.tsv,250000,5000,20
786668,1196_BNG_pharynx.tsv,250000,5000,50
786668,1196_BNG_pharynx.tsv,250000,5000,100
786668,1196_BNG_pharynx.tsv,250000,10000,10
786668,1196_BNG_pharynx.tsv,250000,10000,20
786668,1196_BNG_pharynx.tsv,250000,10000,50
786668,1196_BNG_pharynx.tsv,250000,10000,100
786668,1196_BNG_pharynx.tsv,500000,200,10
786668,1196_BNG_pharynx.tsv,500000,200,20
786668,1196_BNG_pharynx.tsv,500000,200,50
786668,1196_BNG_pharynx.tsv,500000,200,100
786668,1196_BNG_pharynx.tsv,500000,500,10
786668,1196_BNG_pharynx.tsv,500000,500,20
786668,1196_BNG_pharynx.tsv,500000,500,50
786668,1196_BNG_pharynx.tsv,500000,500,100
786668,1196_BNG_pharynx.tsv,500000,1000,10
786668,1196_BNG_pharynx.tsv,500000,1000,20
786668,1196_BNG_pharynx.tsv,500000,1000,50
786668,1196_BNG_pharynx.tsv,500000,1000,100
786668,1196_BNG_pharynx.tsv,500000,2000,10
786668,1196_BNG_pharynx.tsv,500000,2000,20
786668,1196_BNG_pharynx.tsv,500000,2000,50
786668,1196_BNG_pharynx.tsv,500000,2000,100
786668,1196_BNG_pharynx.tsv,500000,5000,10
786668,1196_BNG_pharynx.tsv,500000,5000,20
786668,1196_BNG_pharynx.tsv,500000,5000,50
786668,1196_BNG_pharynx.tsv,500000,5000,100
786668,1196_BNG_pharynx.tsv,500000,10000,10
786668,1196_BNG_pharynx.tsv,500000,10000,20
786668,1196_BNG_pharynx.tsv,500000,10000,50
786668,1196_BNG_pharynx.tsv,500000,10000,100
786668,1595_poker.tsv,100000,200,10
786668,1595_poker.tsv,100000,200,20
786668,1595_poker.tsv,100000,200,50
786668,1595_poker.tsv,100000,200,100
786668,1595_poker.tsv,100000,500,10
786668,1595_poker.tsv,100000,500,20
786668,1595_poker.tsv,100000,500,50
786668,1595_poker.tsv,100000,500,100
786668,1595_poker.tsv,100000,1000,10
786668,1595_poker.tsv,100000,1000,20
786668,1595_poker.tsv,100000,1000,50
786668,1595_poker.tsv,100000,1000,100
786668,1595_poker.tsv,100000,2000,10
786668,1595_poker.tsv,100000,2000,20
786668,1595_poker.tsv,100000,2000,50
786668,1595_poker.tsv,100000,2000,100
786668,1595_poker.tsv,100000,5000,10
786668,1595_poker.tsv,100000,5000,20
786668,1595_poker.tsv,100000,5000,50
786668,1595_poker.tsv,100000,5000,100
786668,1595_poker.tsv,100000,10000,10
786668,1595_poker.tsv,100000,10000,20
786668,1595_poker.tsv,100000,10000,50
786668,1595_poker.tsv,100000,10000,100
786668,1595_poker.tsv,250000,200,10
786668,1595_poker.tsv,250000,200,20
786668,1595_poker.tsv,250000,200,50
786668,1595_poker.tsv,250000,200,100
786668,1595_poker.tsv,250000,500,10
786668,1595_poker.tsv,250000,500,20
786668,1595_poker.tsv,250000,500,50
786668,1595_poker.tsv,250000,500,100
786668,1595_poker.tsv,250000,1000,10
786668,1595_poker.tsv,250000,1000,20
786668,1595_poker.tsv,250000,1000,50
786668,1595_poker.tsv,250000,1000,100
786668,1595_poker.tsv,250000,2000,10
786668,1595_poker.tsv,250000,2000,20
786668,1595_poker.tsv,250000,2000,50
786668,1595_poker.tsv,250000,2000,100
786668,1595_poker.tsv,250000,5000,10
786668,1595_poker.tsv,250000,5000,20
786668,1595_poker.tsv,250000,5000,50
786668,1595_poker.tsv,250000,5000,100
786668,1595_poker.tsv,250000,10000,10
786668,1595_poker.tsv,250000,10000,20
786668,1595_poker.tsv,250000,10000,50
786668,1595_poker.tsv,250000,10000,100
786668,1595_poker.tsv,500000,200,10
786668,1595_poker.tsv,500000,200,20
786668,1595_poker.tsv,500000,200,50
786668,1595_poker.tsv,500000,200,100
786668,1595_poker.tsv,500000,500,10
786668,1595_poker.tsv,500000,500,20
786668,1595_poker.tsv,500000,500,50
786668,1595_poker.tsv,500000,500,100
786668,1595_poker.tsv,500000,1000,10
786668,1595_poker.tsv,500000,1000,20
786668,1595_poker.tsv,500000,1000,50
786668,1595_poker.tsv,500000,1000,100
786668,1595_poker.tsv,500000,2000,10
786668,1595_poker.tsv,500000,2000,20
786668,1595_poker.tsv,500000,2000,50
786668,1595_poker.tsv,500000,2000,100
786668,1595_poker.tsv,500000,5000,10
786668,1595_poker.tsv,500000,5000,20
786668,1595_poker.tsv,500000,5000,50
786668,1595_poker.tsv,500000,5000,100
786668,1595_poker.tsv,500000,10000,10
786668,1595_poker.tsv,500000,10000,20
786668,1595_poker.tsv,500000,10000,50
786668,1595_poker.tsv,500000,10000,100
444942,1191_BNG_pbc.tsv,100000,200,10
444942,1191_BNG_pbc.tsv,100000,200,20
444942,1191_BNG_pbc.tsv,100000,200,50
444942,1191_BNG_pbc.tsv,100000,200,100
444942,1191_BNG_pbc.tsv,100000,500,10
444942,1191_BNG_pbc.tsv,100000,500,20
444942,1191_BNG_pbc.tsv,100000,500,50
444942,1191_BNG_pbc.tsv,100000,500,100
444942,1191_BNG_pbc.tsv,100000,1000,10
444942,1191_BNG_pbc.tsv,100000,1000,20
444942,1191_BNG_pbc.tsv,100000,1000,50
444942,1191_BNG_pbc.tsv,100000,1000,100
444942,1191_BNG_pbc.tsv,100000,2000,10
444942,1191_BNG_pbc.tsv,100000,2000,20
444942,1191_BNG_pbc.tsv,100000,2000,50
444942,1191_BNG_pbc.tsv,100000,2000,100
444942,1191_BNG_pbc.tsv,100000,5000,10
444942,1191_BNG_pbc.tsv,100000,5000,20
444942,1191_BNG_pbc.tsv,100000,5000,50
444942,1191_BNG_pbc.tsv,100000,5000,100
444942,1191_BNG_pbc.tsv,100000,10000,10
444942,1191_BNG_pbc.tsv,100000,10000,20
444942,1191_BNG_pbc.tsv,100000,10000,50
444942,1191_BNG_pbc.tsv,100000,10000,100
444942,1191_BNG_pbc.tsv,250000,200,10
444942,1191_BNG_pbc.tsv,250000,200,20
444942,1191_BNG_pbc.tsv,250000,200,50
444942,1191_BNG_pbc.tsv,250000,200,100
444942,1191_BNG_pbc.tsv,250000,500,10
444942,1191_BNG_pbc.tsv,250000,500,20
444942,1191_BNG_pbc.tsv,250000,500,50
444942,1191_BNG_pbc.tsv,250000,500,100
444942,1191_BNG_pbc.tsv,250000,1000,10
444942,1191_BNG_pbc.tsv,250000,1000,20
444942,1191_BNG_pbc.tsv,250000,1000,50
444942,1191_BNG_pbc.tsv,250000,1000,100
444942,1191_BNG_pbc.tsv,250000,2000,10
444942,1191_BNG_pbc.tsv,250000,2000,20
444942,1191_BNG_pbc.tsv,250000,2000,50
444942,1191_BNG_pbc.tsv,250000,2000,100
444942,1191_BNG_pbc.tsv,250000,5000,10
444942,1191_BNG_pbc.tsv,250000,5000,20
444942,1191_BNG_pbc.tsv,250000,5000,50
444942,1191_BNG_pbc.tsv,250000,5000,100
444942,1191_BNG_pbc.tsv,250000,10000,10
444942,1191_BNG_pbc.tsv,250000,10000,20
444942,1191_BNG_pbc.tsv,250000,10000,50
444942,1191_BNG_pbc.tsv,250000,10000,100
444942,1191_BNG_pbc.tsv,500000,200,10
444942,1191_BNG_pbc.tsv,500000,200,20
444942,1191_BNG_pbc.tsv,500000,200,50
444942,1191_BNG_pbc.tsv,500000,200,100
444942,1191_BNG_pbc.tsv,500000,500,10
444942,1191_BNG_pbc.tsv,500000,500,20
444942,1191_BNG_pbc.tsv,500000,500,50
444942,1191_BNG_pbc.tsv,500000,500,100
444942,1191_BNG_pbc.tsv,500000,1000,10
444942,1191_BNG_pbc.tsv,500000,1000,20
444942,1191_BNG_pbc.tsv,500000,1000,50
444942,1191_BNG_pbc.tsv,500000,1000,100
444942,1191_BNG_pbc.tsv,500000,2000,10
444942,1191_BNG_pbc.tsv,500000,2000,20
444942,1191_BNG_pbc.tsv,500000,2000,50
444942,1191_BNG_pbc.tsv,500000,2000,100
444942,1191_BNG_pbc.tsv,500000,5000,10
444942,1191_BNG_pbc.tsv,500000,5000,20
444942,1191_BNG_pbc.tsv,500000,5000,50
444942,1191_BNG_pbc.tsv,500000,5000,100
444942,1191_BNG_pbc.tsv,500000,10000,10
444942,1191_BNG_pbc.tsv,500000,10000,20
444942,1191_BNG_pbc.tsv,500000,10000,50
444942,1191_BNG_pbc.tsv,500000,10000,100
444942,1196_BNG_pharynx.tsv,100000,200,10
444942,1196_BNG_pharynx.tsv,100000,200,20
444942,1196_BNG_pharynx.tsv,100000,200,50
444942,1196_BNG_pharynx.tsv,100000,200,100
444942,1196_BNG_pharynx.tsv,100000,500,10
444942,1196_BNG_pharynx.tsv,100000,500,20
444942,1196_BNG_pharynx.tsv,100000,500,50
444942,1196_BNG_pharynx.tsv,100000,500,100
444942,1196_BNG_pharynx.tsv,100000,1000,10
444942,1196_BNG_pharynx.tsv,100000,1000,20
444942,1196_BNG_pharynx.tsv,100000,1000,50
444942,1196_BNG_pharynx.tsv,100000,1000,100
444942,1196_BNG_pharynx.tsv,100000,2000,10
444942,1196_BNG_pharynx.tsv,100000,2000,20
444942,1196_BNG_pharynx.tsv,100000,2000,50
444942,1196_BNG_pharynx.tsv,100000,2000,100
444942,1196_BNG_pharynx.tsv,100000,5000,10
444942,1196_BNG_pharynx.tsv,100000,5000,20
444942,1196_BNG_pharynx.tsv,100000,5000,50
444942,1196_BNG_pharynx.tsv,100000,5000,100
444942,1196_BNG_pharynx.tsv,100000,10000,10
444942,1196_BNG_pharynx.tsv,100000,10000,20
444942,1196_BNG_pharynx.tsv,100000,10000,50
444942,1196_BNG_pharynx.tsv,100000,10000,100
444942,1196_BNG_pharynx.tsv,250000,200,10
444942,1196_BNG_pharynx.tsv,250000,200,20
444942,1196_BNG_pharynx.tsv,250000,200,50
444942,1196_BNG_pharynx.tsv,250000,200,100
444942,1196_BNG_pharynx.tsv,250000,500,10
444942,1196_BNG_pharynx.tsv,250000,500,20
444942,1196_BNG_pharynx.tsv,250000,500,50
444942,1196_BNG_pharynx.tsv,250000,500,100
444942,1196_BNG_pharynx.tsv,250000,1000,10
444942,1196_BNG_pharynx.tsv,250000,1000,20
444942,1196_BNG_pharynx.tsv,250000,1000,50
444942,1196_BNG_pharynx.tsv,250000,1000,100
444942,1196_BNG_pharynx.tsv,250000,2000,10
444942,1196_BNG_pharynx.tsv,250000,2000,20
444942,1196_BNG_pharynx.tsv,250000,2000,50
444942,1196_BNG_pharynx.tsv,250000,2000,100
444942,1196_BNG_pharynx.tsv,250000,5000,10
444942,1196_BNG_pharynx.tsv,250000,5000,20
444942,1196_BNG_pharynx.tsv,250000,5000,50
444942,1196_BNG_pharynx.tsv,250000,5000,100
444942,1196_BNG_pharynx.tsv,250000,10000,10
444942,1196_BNG_pharynx.tsv,250000,10000,20
444942,1196_BNG_pharynx.tsv,250000,10000,50
444942,1196_BNG_pharynx.tsv,250000,10000,100
444942,1196_BNG_pharynx.tsv,500000,200,10
444942,1196_BNG_pharynx.tsv,500000,200,20
444942,1196_BNG_pharynx.tsv,500000,200,50
444942,1196_BNG_pharynx.tsv,500000,200,100
444942,1196_BNG_pharynx.tsv,500000,500,10
444942,1196_BNG_pharynx.tsv,500000,500,20
444942,1196_BNG_pharynx.tsv,500000,500,50
444942,1196_BNG_pharynx.tsv,500000,500,100
444942,1196_BNG_pharynx.tsv,500000,1000,10
444942,1196_BNG_pharynx.tsv,500000,1000,20
444942,1196_BNG_pharynx.tsv,500000,1000,50
444942,1196_BNG_pharynx.tsv,500000,1000,100
444942,1196_BNG_pharynx.tsv,500000,2000,10
444942,1196_BNG_pharynx.tsv,500000,2000,20
444942,1196_BNG_pharynx.tsv,500000,2000,50
444942,1196_BNG_pharynx.tsv,500000,2000,100
444942,1196_BNG_pharynx.tsv,500000,5000,10
444942,1196_BNG_pharynx.tsv,500000,5000,20
444942,1196_BNG_pharynx.tsv,500000,5000,50
444942,1196_BNG_pharynx.tsv,500000,5000,100
444942,1196_BNG_pharynx.tsv,500000,10000,10
444942,1196_BNG_pharynx.tsv,500000,10000,20
444942,1196_BNG_pharynx.tsv,500000,10000,50
444942,1196_BNG_pharynx.tsv,500000,10000,100
444942,1595_poker.tsv,100000,200,10
444942,1595_poker.tsv,100000,200,20
444942,1595_poker.tsv,100000,200,50
444942,1595_poker.tsv,100000,200,100
444942,1595_poker.tsv,100000,500,10
444942,1595_poker.tsv,100000,500,20
444942,1595_poker.tsv,100000,500,50
444942,1595_poker.tsv,100000,500,100
444942,1595_poker.tsv,100000,1000,10
444942,1595_poker.tsv,100000,1000,20
444942,1595_poker.tsv,100000,1000,50
444942,1595_poker.tsv,100000,1000,100
444942,1595_poker.tsv,100000,2000,10
444942,1595_poker.tsv,100000,2000,20
444942,1595_poker.tsv,100000,2000,50
444942,1595_poker.tsv,100000,2000,100
444942,1595_poker.tsv,100000,5000,10
444942,1595_poker.tsv,100000,5000,20
444942,1595_poker.tsv,100000,5000,50
444942,1595_poker.tsv,100000,5000,100
444942,1595_poker.tsv,100000,10000,10
444942,1595_poker.tsv,100000,10000,20
444942,1595_poker.tsv,100000,10000,50
444942,1595_poker.tsv,100000,10000,100
444942,1595_poker.tsv,250000,200,10
444942,1595_poker.tsv,250000,200,20
444942,1595_poker.tsv,250000,200,50
444942,1595_poker.tsv,250000,200,100
444942,1595_poker.tsv,250000,500,10
444942,1595_poker.tsv,250000,500,20
444942,1595_poker.tsv,250000,500,50
444942,1595_poker.tsv,250000,500,100
444942,1595_poker.tsv,250000,1000,10
444942,1595_poker.tsv,250000,1000,20
444942,1595_poker.tsv,250000,1000,50
444942,1595_poker.tsv,250000,1000,100
444942,1595_poker.tsv,250000,2000,10
444942,1595_poker.tsv,250000,2000,20
444942,1595_poker.tsv,250000,2000,50
444942,1595_poker.tsv,250000,2000,100
444942,1595_poker.tsv,250000,5000,10
444942,1595_poker.tsv,250000,5000,20
444942,1595_poker.tsv,250000,5000,50
444942,1595_poker.tsv,250000,5000,100
444942,1595_poker.tsv,250000,10000,10
444942,1595_poker.tsv,250000,10000,20
444942,1595_poker.tsv,250000,10000,50
444942,1595_poker.tsv,250000,10000,100
444942,1595_poker.tsv,500000,200,10
444942,1595_poker.tsv,500000,200,20
444942,1595_poker.tsv,500000,200,50
444942,1595_poker.tsv,500000,200,100
444942,1595_poker.tsv,500000,500,10
444942,1595_poker.tsv,500000,500,20
444942,1595_poker.tsv,500000,500,50
444942,1595_poker.tsv,500000,500,100
444942,1595_poker.tsv,500000,1000,10
444942,1595_poker.tsv,500000,1000,20
444942,1595_poker.tsv,500000,1000,50
444942,1595_poker.tsv,500000,1000,100
444942,1595_poker.tsv,500000,2000,10
444942,1595_poker.tsv,500000,2000,20
444942,1595_poker.tsv,500000,2000,50
444942,1595_poker.tsv,500000,2000,100
444942,1595_poker.tsv,500000,5000,10
444942,1595_poker.tsv,500000,5000,20
444942,1595_poker.tsv,500000,5000,50
444942,1595_poker.tsv,500000,5000,100
444942,1595_poker.tsv,500000,10000,10
444942,1595_poker.tsv,500000,10000,20
444942,1595_poker.tsv,500000,10000,50
444942,1595_poker.tsv,500000,10000,100
739190,1191_BNG_pbc.tsv,100000,200,10
739190,1191_BNG_pbc.tsv,100000,200,20
739190,1191_BNG_pbc.tsv,100000,200,50
739190,1191_BNG_pbc.tsv,100000,200,100
739190,1191_BNG_pbc.tsv,100000,500,10
739190,1191_BNG_pbc.tsv,100000,500,20
739190,1191_BNG_pbc.tsv,100000,500,50
739190,1191_BNG_pbc.tsv,100000,500,100
739190,1191_BNG_pbc.tsv,100000,1000,10
739190,1191_BNG_pbc.tsv,100000,1000,20
739190,1191_BNG_pbc.tsv,100000,1000,50
739190,1191_BNG_pbc.tsv,100000,1000,100
739190,1191_BNG_pbc.tsv,100000,2000,10
739190,1191_BNG_pbc.tsv,100000,2000,20
739190,1191_BNG_pbc.tsv,100000,2000,50
739190,1191_BNG_pbc.tsv,100000,2000,100
739190,1191_BNG_pbc.tsv,100000,5000,10
739190,1191_BNG_pbc.tsv,100000,5000,20
739190,1191_BNG_pbc.tsv,100000,5000,50
739190,1191_BNG_pbc.tsv,100000,5000,100
739190,1191_BNG_pbc.tsv,100000,10000,10
739190,1191_BNG_pbc.tsv,100000,10000,20
739190,1191_BNG_pbc.tsv,100000,10000,50
739190,1191_BNG_pbc.tsv,100000,10000,100
739190,1191_BNG_pbc.tsv,250000,200,10
739190,1191_BNG_pbc.tsv,250000,200,20
739190,1191_BNG_pbc.tsv,250000,200,50
739190,1191_BNG_pbc.tsv,250000,200,100
739190,1191_BNG_pbc.tsv,250000,500,10
739190,1191_BNG_pbc.tsv,250000,500,20
739190,1191_BNG_pbc.tsv,250000,500,50
739190,1191_BNG_pbc.tsv,250000,500,100
739190,1191_BNG_pbc.tsv,250000,1000,10
739190,1191_BNG_pbc.tsv,250000,1000,20
739190,1191_BNG_pbc.tsv,250000,1000,50
739190,1191_BNG_pbc.tsv,250000,1000,100
739190,1191_BNG_pbc.tsv,250000,2000,10
739190,1191_BNG_pbc.tsv,250000,2000,20
739190,1191_BNG_pbc.tsv,250000,2000,50
739190,1191_BNG_pbc.tsv,250000,2000,100
739190,1191_BNG_pbc.tsv,250000,5000,10
739190,1191_BNG_pbc.tsv,250000,5000,20
739190,1191_BNG_pbc.tsv,250000,5000,50
739190,1191_BNG_pbc.tsv,250000,5000,100
739190,1191_BNG_pbc.tsv,250000,10000,10
739190,1191_BNG_pbc.tsv,250000,10000,20
739190,1191_BNG_pbc.tsv,250000,10000,50
739190,1191_BNG_pbc.tsv,250000,10000,100
739190,1191_BNG_pbc.tsv,500000,200,10
739190,1191_BNG_pbc.tsv,500000,200,20
739190,1191_BNG_pbc.tsv,500000,200,50
739190,1191_BNG_pbc.tsv,500000,200,100
739190,1191_BNG_pbc.tsv,500000,500,10
739190,1191_BNG_pbc.tsv,500000,500,20
739190,1191_BNG_pbc.tsv,500000,500,50
739190,1191_BNG_pbc.tsv,500000,500,100
739190,1191_BNG_pbc.tsv,500000,1000,10
739190,1191_BNG_pbc.tsv,500000,1000,20
739190,1191_BNG_pbc.tsv,500000,1000,50
739190,1191_BNG_pbc.tsv,500000,1000,100
739190,1191_BNG_pbc.tsv,500000,2000,10
739190,1191_BNG_pbc.tsv,500000,2000,20
739190,1191_BNG_pbc.tsv,500000,2000,50
739190,1191_BNG_pbc.tsv,500000,2000,100
739190,1191_BNG_pbc.tsv,500000,5000,10
739190,1191_BNG_pbc.tsv,500000,5000,20
739190,1191_BNG_pbc.tsv,500000,5000,50
739190,1191_BNG_pbc.tsv,500000,5000,100
739190,1191_BNG_pbc.tsv,500000,10000,10
739190,1191_BNG_pbc.tsv,500000,10000,20
739190,1191_BNG_pbc.tsv,500000,10000,50
739190,1191_BNG_pbc.tsv,500000,10000,100
739190,1196_BNG_pharynx.tsv,100000,200,10
739190,1196_BNG_pharynx.tsv,100000,200,20
739190,1196_BNG_pharynx.tsv,100000,200,50
739190,1196_BNG_pharynx.tsv,100000,200,100
739190,1196_BNG_pharynx.tsv,100000,500,10
739190,1196_BNG_pharynx.tsv,100000,500,20
739190,1196_BNG_pharynx.tsv,100000,500,50
739190,1196_BNG_pharynx.tsv,100000,500,100
739190,1196_BNG_pharynx.tsv,100000,1000,10
739190,1196_BNG_pharynx.tsv,100000,1000,20
739190,1196_BNG_pharynx.tsv,100000,1000,50
739190,1196_BNG_pharynx.tsv,100000,1000,100
739190,1196_BNG_pharynx.tsv,100000,2000,10
739190,1196_BNG_pharynx.tsv,100000,2000,20
739190,1196_BNG_pharynx.tsv,100000,2000,50
739190,1196_BNG_pharynx.tsv,100000,2000,100
739190,1196_BNG_pharynx.tsv,100000,5000,10
739190,1196_BNG_pharynx.tsv,100000,5000,20
739190,1196_BNG_pharynx.tsv,100000,5000,50
739190,1196_BNG_pharynx.tsv,100000,5000,100
739190,1196_BNG_pharynx.tsv,100000,10000,10
739190,1196_BNG_pharynx.tsv,100000,10000,20
739190,1196_BNG_pharynx.tsv,100000,10000,50
739190,1196_BNG_pharynx.tsv,100000,10000,100
739190,1196_BNG_pharynx.tsv,250000,200,10
739190,1196_BNG_pharynx.tsv,250000,200,20
739190,1196_BNG_pharynx.tsv,250000,200,50
739190,1196_BNG_pharynx.tsv,250000,200,100
739190,1196_BNG_pharynx.tsv,250000,500,10
739190,1196_BNG_pharynx.tsv,250000,500,20
739190,1196_BNG_pharynx.tsv,250000,500,50
739190,1196_BNG_pharynx.tsv,250000,500,100
739190,1196_BNG_pharynx.tsv,250000,1000,10
739190,1196_BNG_pharynx.tsv,250000,1000,20
739190,1196_BNG_pharynx.tsv,250000,1000,50
739190,1196_BNG_pharynx.tsv,250000,1000,100
739190,1196_BNG_pharynx.tsv,250000,2000,10
739190,1196_BNG_pharynx.tsv,250000,2000,20
739190,1196_BNG_pharynx.tsv,250000,2000,50
739190,1196_BNG_pharynx.tsv,250000,2000,100
739190,1196_BNG_pharynx.tsv,250000,5000,10
739190,1196_BNG_pharynx.tsv,250000,5000,20
739190,1196_BNG_pharynx.tsv,250000,5000,50
739190,1196_BNG_pharynx.tsv,250000,5000,100
739190,1196_BNG_pharynx.tsv,250000,10000,10
739190,1196_BNG_pharynx.tsv,250000,10000,20
739190,1196_BNG_pharynx.tsv,250000,10000,50
739190,1196_BNG_pharynx.tsv,250000,10000,100
739190,1196_BNG_pharynx.tsv,500000,200,10
739190,1196_BNG_pharynx.tsv,500000,200,20
739190,1196_BNG_pharynx.tsv,500000,200,50
739190,1196_BNG_pharynx.tsv,500000,200,100
739190,1196_BNG_pharynx.tsv,500000,500,10
739190,1196_BNG_pharynx.tsv,500000,500,20
739190,1196_BNG_pharynx.tsv,500000,500,50
739190,1196_BNG_pharynx.tsv,500000,500,100
739190,1196_BNG_pharynx.tsv,500000,1000,10
739190,1196_BNG_pharynx.tsv,500000,1000,20
739190,1196_BNG_pharynx.tsv,500000,1000,50
739190,1196_BNG_pharynx.tsv,500000,1000,100
739190,1196_BNG_pharynx.tsv,500000,2000,10
739190,1196_BNG_pharynx.tsv,500000,2000,20
739190,1196_BNG_pharynx.tsv,500000,2000,50
739190,1196_BNG_pharynx.tsv,500000,2000,100
739190,1196_BNG_pharynx.tsv,500000,5000,10
739190,1196_BNG_pharynx.tsv,500000,5000,20
739190,1196_BNG_pharynx.tsv,500000,5000,50
739190,1196_BNG_pharynx.tsv,500000,5000,100
739190,1196_BNG_pharynx.tsv,500000,10000,10
739190,1196_BNG_pharynx.tsv,500000,10000,20
739190,1196_BNG_pharynx.tsv,500000,10000,50
739190,1196_BNG_pharynx.tsv,500000,10000,100
739190,1595_poker.tsv,100000,200,10
739190,1595_poker.tsv,100000,200,20
739190,1595_poker.tsv,100000,200,50
739190,1595_poker.tsv,100000,200,100
739190,1595_poker.tsv,100000,500,10
739190,1595_poker.tsv,100000,500,20
739190,1595_poker.tsv,100000,500,50
739190,1595_poker.tsv,100000,500,100
739190,1595_poker.tsv,100000,1000,10
739190,1595_poker.tsv,100000,1000,20
739190,1595_poker.tsv,100000,1000,50
739190,1595_poker.tsv,100000,1000,100
739190,1595_poker.tsv,100000,2000,10
739190,1595_poker.tsv,100000,2000,20
739190,1595_poker.tsv,100000,2000,50
739190,1595_poker.tsv,100000,2000,100
739190,1595_poker.tsv,100000,5000,10
739190,1595_poker.tsv,100000,5000,20
739190,1595_poker.tsv,100000,5000,50
739190,1595_poker.tsv,100000,5000,100
739190,1595_poker.tsv,100000,10000,10
739190,1595_poker.tsv,100000,10000,20
739190,1595_poker.tsv,100000,10000,50
739190,1595_poker.tsv,100000,10000,100
739190,1595_poker.tsv,250000,200,10
739190,1595_poker.tsv,250000,200,20
739190,1595_poker.tsv,250000,200,50
739190,1595_poker.tsv,250000,200,100
739190,1595_poker.tsv,250000,500,10
739190,1595_poker.tsv,250000,500,20
739190,1595_poker.tsv,250000,500,50
739190,1595_poker.tsv,250000,500,100
739190,1595_poker.tsv,250000,1000,10
739190,1595_poker.tsv,250000,1000,20
739190,1595_poker.tsv,250000,1000,50
739190,1595_poker.tsv,250000,1000,100
739190,1595_poker.tsv,250000,2000,10
739190,1595_poker.tsv,250000,2000,20
739190,1595_poker.tsv,250000,2000,50
739190,1595_poker.tsv,250000,2000,100
739190,1595_poker.tsv,250000,5000,10
739190,1595_poker.tsv,250000,5000,20
739190,1595_poker.tsv,250000,5000,50
739190,1595_poker.tsv,250000,5000,100
739190,1595_poker.tsv,250000,10000,10
739190,1595_poker.tsv,250000,10000,20
739190,1595_poker.tsv,250000,10000,50
739190,1595_poker.tsv,250000,10000,100
739190,1595_poker.tsv,500000,200,10
739190,1595_poker.tsv,500000,200,20
739190,1595_poker.tsv,500000,200,50
739190,1595_poker.tsv,500000,200,100
739190,1595_poker.tsv,500000,500,10
739190,1595_poker.tsv,500000,500,20
739190,1595_poker.tsv,500000,500,50
739190,1595_poker.tsv,500000,500,100
739190,1595_poker.tsv,500000,1000,10
739190,1595_poker.tsv,500000,1000,20
739190,1595_poker.tsv,500000,1000,50
739190,1595_poker.tsv,500000,1000,100
739190,1595_poker.tsv,500000,2000,10
739190,1595_poker.tsv,500000,2000,20
739190,1595_poker.tsv,500000,2000,50
739190,1595_poker.tsv,500000,2000,100
739190,1595_poker.tsv,500000,5000,10
739190,1595_poker.tsv,500000,5000,20
739190,1595_poker.tsv,500000,5000,50
739190,1595_poker.tsv,500000,5000,100
739190,1595_poker.tsv,500000,10000,10
739190,1595_poker.tsv,500000,10000,20
739190,1595_poker.tsv,500000,10000,50
739190,1595_poker.tsv,500000,10000,100
192969,1191_BNG_pbc.tsv,100000,200,10
192969,1191_BNG_pbc.tsv,100000,200,20
192969,1191_BNG_pbc.tsv,100000,200,50
192969,1191_BNG_pbc.tsv,100000,200,100
192969,1191_BNG_pbc.tsv,100000,500,10
192969,1191_BNG_pbc.tsv,100000,500,20
192969,1191_BNG_pbc.tsv,100000,500,50
192969,1191_BNG_pbc.tsv,100000,500,100
192969,1191_BNG_pbc.tsv,100000,1000,10
192969,1191_BNG_pbc.tsv,100000,1000,20
192969,1191_BNG_pbc.tsv,100000,1000,50
192969,1191_BNG_pbc.tsv,100000,1000,100
192969,1191_BNG_pbc.tsv,100000,2000,10
192969,1191_BNG_pbc.tsv,100000,2000,20
192969,1191_BNG_pbc.tsv,100000,2000,50
192969,1191_BNG_pbc.tsv,100000,2000,100
192969,1191_BNG_pbc.tsv,100000,5000,10
192969,1191_BNG_pbc.tsv,100000,5000,20
192969,1191_BNG_pbc.tsv,100000,5000,50
192969,1191_BNG_pbc.tsv,100000,5000,100
192969,1191_BNG_pbc.tsv,100000,10000,10
192969,1191_BNG_pbc.tsv,100000,10000,20
192969,1191_BNG_pbc.tsv,100000,10000,50
192969,1191_BNG_pbc.tsv,100000,10000,100
192969,1191_BNG_pbc.tsv,250000,200,10
192969,1191_BNG_pbc.tsv,250000,200,20
192969,1191_BNG_pbc.tsv,250000,200,50
192969,1191_BNG_pbc.tsv,250000,200,100
192969,1191_BNG_pbc.tsv,250000,500,10
192969,1191_BNG_pbc.tsv,250000,500,20
192969,1191_BNG_pbc.tsv,250000,500,50
192969,1191_BNG_pbc.tsv,250000,500,100
192969,1191_BNG_pbc.tsv,250000,1000,10
192969,1191_BNG_pbc.tsv,250000,1000,20
192969,1191_BNG_pbc.tsv,250000,1000,50
192969,1191_BNG_pbc.tsv,250000,1000,100
192969,1191_BNG_pbc.tsv,250000,2000,10
192969,1191_BNG_pbc.tsv,250000,2000,20
192969,1191_BNG_pbc.tsv,250000,2000,50
192969,1191_BNG_pbc.tsv,250000,2000,100
192969,1191_BNG_pbc.tsv,250000,5000,10
192969,1191_BNG_pbc.tsv,250000,5000,20
192969,1191_BNG_pbc.tsv,250000,5000,50
192969,1191_BNG_pbc.tsv,250000,5000,100
192969,1191_BNG_pbc.tsv,250000,10000,10
192969,1191_BNG_pbc.tsv,250000,10000,20
192969,1191_BNG_pbc.tsv,250000,10000,50
192969,1191_BNG_pbc.tsv,250000,10000,100
192969,1191_BNG_pbc.tsv,500000,200,10
192969,1191_BNG_pbc.tsv,500000,200,20
192969,1191_BNG_pbc.tsv,500000,200,50
192969,1191_BNG_pbc.tsv,500000,200,100
192969,1191_BNG_pbc.tsv,500000,500,10
192969,1191_BNG_pbc.tsv,500000,500,20
192969,1191_BNG_pbc.tsv,500000,500,50
192969,1191_BNG_pbc.tsv,500000,500,100
192969,1191_BNG_pbc.tsv,500000,1000,10
192969,1191_BNG_pbc.tsv,500000,1000,20
192969,1191_BNG_pbc.tsv,500000,1000,50
192969,1191_BNG_pbc.tsv,500000,1000,100
192969,1191_BNG_pbc.tsv,500000,2000,10
192969,1191_BNG_pbc.tsv,500000,2000,20
192969,1191_BNG_pbc.tsv,500000,2000,50
192969,1191_BNG_pbc.tsv,500000,2000,100
192969,1191_BNG_pbc.tsv,500000,5000,10
192969,1191_BNG_pbc.tsv,500000,5000,20
192969,1191_BNG_pbc.tsv,500000,5000,50
192969,1191_BNG_pbc.tsv,500000,5000,100
192969,1191_BNG_pbc.tsv,500000,10000,10
192969,1191_BNG_pbc.tsv,500000,10000,20
192969,1191_BNG_pbc.tsv,500000,10000,50
192969,1191_BNG_pbc.tsv,500000,10000,100
192969,1196_BNG_pharynx.tsv,100000,200,10
192969,1196_BNG_pharynx.tsv,100000,200,20
192969,1196_BNG_pharynx.tsv,100000,200,50
192969,1196_BNG_pharynx.tsv,100000,200,100
192969,1196_BNG_pharynx.tsv,100000,500,10
192969,1196_BNG_pharynx.tsv,100000,500,20
192969,1196_BNG_pharynx.tsv,100000,500,50
192969,1196_BNG_pharynx.tsv,100000,500,100
192969,1196_BNG_pharynx.tsv,100000,1000,10
192969,1196_BNG_pharynx.tsv,100000,1000,20
192969,1196_BNG_pharynx.tsv,100000,1000,50
192969,1196_BNG_pharynx.tsv,100000,1000,100
192969,1196_BNG_pharynx.tsv,100000,2000,10
192969,1196_BNG_pharynx.tsv,100000,2000,20
192969,1196_BNG_pharynx.tsv,100000,2000,50
192969,1196_BNG_pharynx.tsv,100000,2000,100
192969,1196_BNG_pharynx.tsv,100000,5000,10
192969,1196_BNG_pharynx.tsv,100000,5000,20
192969,1196_BNG_pharynx.tsv,100000,5000,50
192969,1196_BNG_pharynx.tsv,100000,5000,100
192969,1196_BNG_pharynx.tsv,100000,10000,10
192969,1196_BNG_pharynx.tsv,100000,10000,20
192969,1196_BNG_pharynx.tsv,100000,10000,50
192969,1196_BNG_pharynx.tsv,100000,10000,100
192969,1196_BNG_pharynx.tsv,250000,200,10
192969,1196_BNG_pharynx.tsv,250000,200,20
192969,1196_BNG_pharynx.tsv,250000,200,50
192969,1196_BNG_pharynx.tsv,250000,200,100
192969,1196_BNG_pharynx.tsv,250000,500,10
192969,1196_BNG_pharynx.tsv,250000,500,20
192969,1196_BNG_pharynx.tsv,250000,500,50
192969,1196_BNG_pharynx.tsv,250000,500,100
192969,1196_BNG_pharynx.tsv,250000,1000,10
192969,1196_BNG_pharynx.tsv,250000,1000,20
192969,1196_BNG_pharynx.tsv,250000,1000,50
192969,1196_BNG_pharynx.tsv,250000,1000,100
192969,1196_BNG_pharynx.tsv,250000,2000,10
192969,1196_BNG_pharynx.tsv,250000,2000,20
192969,1196_BNG_pharynx.tsv,250000,2000,50
192969,1196_BNG_pharynx.tsv,250000,2000,100
192969,1196_BNG_pharynx.tsv,250000,5000,10
192969,1196_BNG_pharynx.tsv,250000,5000,20
192969,1196_BNG_pharynx.tsv,250000,5000,50
192969,1196_BNG_pharynx.tsv,250000,5000,100
192969,1196_BNG_pharynx.tsv,250000,10000,10
192969,1196_BNG_pharynx.tsv,250000,10000,20
192969,1196_BNG_pharynx.tsv,250000,10000,50
192969,1196_BNG_pharynx.tsv,250000,10000,100
192969,1196_BNG_pharynx.tsv,500000,200,10
192969,1196_BNG_pharynx.tsv,500000,200,20
192969,1196_BNG_pharynx.tsv,500000,200,50
192969,1196_BNG_pharynx.tsv,500000,200,100
192969,1196_BNG_pharynx.tsv,500000,500,10
192969,1196_BNG_pharynx.tsv,500000,500,20
192969,1196_BNG_pharynx.tsv,500000,500,50
192969,1196_BNG_pharynx.tsv,500000,500,100
192969,1196_BNG_pharynx.tsv,500000,1000,10
192969,1196_BNG_pharynx.tsv,500000,1000,20
192969,1196_BNG_pharynx.tsv,500000,1000,50
192969,1196_BNG_pharynx.tsv,500000,1000,100
192969,1196_BNG_pharynx.tsv,500000,2000,10
192969,1196_BNG_pharynx.tsv,500000,2000,20
192969,1196_BNG_pharynx.tsv,500000,2000,50
192969,1196_BNG_pharynx.tsv,500000,2000,100
192969,1196_BNG_pharynx.tsv,500000,5000,10
192969,1196_BNG_pharynx.tsv,500000,5000,20
192969,1196_BNG_pharynx.tsv,500000,5000,50
192969,1196_BNG_pharynx.tsv,500000,5000,100
192969,1196_BNG_pharynx.tsv,500000,10000,10
192969,1196_BNG_pharynx.tsv,500000,10000,20
192969,1196_BNG_pharynx.tsv,500000,10000,50
192969,1196_BNG_pharynx.tsv,500000,10000,100
192969,1595_poker.tsv,100000,200,10
192969,1595_poker.tsv,100000,200,20
192969,1595_poker.tsv,100000,200,50
192969,1595_poker.tsv,100000,200,100
192969,1595_poker.tsv,100000,500,10
192969,1595_poker.tsv,100000,500,20
192969,1595_poker.tsv,100000,500,50
192969,1595_poker.tsv,100000,500,100
192969,1595_poker.tsv,100000,1000,10
192969,1595_poker.tsv,100000,1000,20
192969,1595_poker.tsv,100000,1000,50
192969,1595_poker.tsv,100000,1000,100
192969,1595_poker.tsv,100000,2000,10
192969,1595_poker.tsv,100000,2000,20
192969,1595_poker.tsv,100000,2000,50
192969,1595_poker.tsv,100000,2000,100
192969,1595_poker.tsv,100000,5000,10
192969,1595_poker.tsv,100000,5000,20
192969,1595_poker.tsv,100000,5000,50
192969,1595_poker.tsv,100000,5000,100
192969,1595_poker.tsv,100000,10000,10
192969,1595_poker.tsv,100000,10000,20
192969,1595_poker.tsv,100000,10000,50
192969,1595_poker.tsv,100000,10000,100
192969,1595_poker.tsv,250000,200,10
192969,1595_poker.tsv,250000,200,20
192969,1595_poker.tsv,250000,200,50
192969,1595_poker.tsv,250000,200,100
192969,1595_poker.tsv,250000,500,10
192969,1595_poker.tsv,250000,500,20
192969,1595_poker.tsv,250000,500,50
192969,1595_poker.tsv,250000,500,100
192969,1595_poker.tsv,250000,1000,10
192969,1595_poker.tsv,250000,1000,20
192969,1595_poker.tsv,250000,1000,50
192969,1595_poker.tsv,250000,1000,100
192969,1595_poker.tsv,250000,2000,10
192969,1595_poker.tsv,250000,2000,20
192969,1595_poker.tsv,250000,2000,50
192969,1595_poker.tsv,250000,2000,100
192969,1595_poker.tsv,250000,5000,10
192969,1595_poker.tsv,250000,5000,20
192969,1595_poker.tsv,250000,5000,50
192969,1595_poker.tsv,250000,5000,100
192969,1595_poker.tsv,250000,10000,10
192969,1595_poker.tsv,250000,10000,20
192969,1595_poker.tsv,250000,10000,50
192969,1595_poker.tsv,250000,10000,100
192969,1595_poker.tsv,500000,200,10
192969,1595_poker.tsv,500000,200,20
192969,1595_poker.tsv,500000,200,50
192969,1595_poker.tsv,500000,200,100
192969,1595_poker.tsv,500000,500,10
192969,1595_poker.tsv,500000,500,20
192969,1595_poker.tsv,500000,500,50
192969,1595_poker.tsv,500000,500,100
192969,1595_poker.tsv,500000,1000,10
192969,1595_poker.tsv,500000,1000,20
192969,1595_poker.tsv,500000,1000,50
192969,1595_poker.tsv,500000,1000,100
192969,1595_poker.tsv,500000,2000,10
192969,1595_poker.tsv,500000,2000,20
192969,1595_poker.tsv,500000,2000,50
192969,1595_poker.tsv,500000,2000,100
192969,1595_poker.tsv,500000,5000,10
192969,1595_poker.tsv,500000,5000,20
192969,1595_poker.tsv,500000,5000,50
192969,1595_poker.tsv,500000,5000,100
192969,1595_poker.tsv,500000,10000,10
192969,1595_poker.tsv,500000,10000,20
192969,1595_poker.tsv,500000,10000,50
192969,1595_poker.tsv,500000,10000,100
601195,1191_BNG_pbc.tsv,100000,200,10
601195,1191_BNG_pbc.tsv,100000,200,20
601195,1191_BNG_pbc.tsv,100000,200,50
601195,1191_BNG_pbc.tsv,100000,200,100
601195,1191_BNG_pbc.tsv,100000,500,10
601195,1191_BNG_pbc.tsv,100000,500,20
601195,1191_BNG_pbc.tsv,100000,500,50
601195,1191_BNG_pbc.tsv,100000,500,100
601195,1191_BNG_pbc.tsv,100000,1000,10
601195,1191_BNG_pbc.tsv,100000,1000,20
601195,1191_BNG_pbc.tsv,100000,1000,50
601195,1191_BNG_pbc.tsv,100000,1000,100
601195,1191_BNG_pbc.tsv,100000,2000,10
601195,1191_BNG_pbc.tsv,100000,2000,20
601195,1191_BNG_pbc.tsv,100000,2000,50
601195,1191_BNG_pbc.tsv,100000,2000,100
601195,1191_BNG_pbc.tsv,100000,5000,10
601195,1191_BNG_pbc.tsv,100000,5000,20
601195,1191_BNG_pbc.tsv,100000,5000,50
601195,1191_BNG_pbc.tsv,100000,5000,100
601195,1191_BNG_pbc.tsv,100000,10000,10
601195,1191_BNG_pbc.tsv,100000,10000,20
601195,1191_BNG_pbc.tsv,100000,10000,50
601195,1191_BNG_pbc.tsv,100000,10000,100
601195,1191_BNG_pbc.tsv,250000,200,10
601195,1191_BNG_pbc.tsv,250000,200,20
601195,1191_BNG_pbc.tsv,250000,200,50
601195,1191_BNG_pbc.tsv,250000,200,100
601195,1191_BNG_pbc.tsv,250000,500,10
601195,1191_BNG_pbc.tsv,250000,500,20
601195,1191_BNG_pbc.tsv,250000,500,50
601195,1191_BNG_pbc.tsv,250000,500,100
601195,1191_BNG_pbc.tsv,250000,1000,10
601195,1191_BNG_pbc.tsv,250000,1000,20
601195,1191_BNG_pbc.tsv,250000,1000,50
601195,1191_BNG_pbc.tsv,250000,1000,100
601195,1191_BNG_pbc.tsv,250000,2000,10
601195,1191_BNG_pbc.tsv,250000,2000,20
601195,1191_BNG_pbc.tsv,250000,2000,50
601195,1191_BNG_pbc.tsv,250000,2000,100
601195,1191_BNG_pbc.tsv,250000,5000,10
601195,1191_BNG_pbc.tsv,250000,5000,20
601195,1191_BNG_pbc.tsv,250000,5000,50
601195,1191_BNG_pbc.tsv,250000,5000,100
601195,1191_BNG_pbc.tsv,250000,10000,10
601195,1191_BNG_pbc.tsv,250000,10000,20
601195,1191_BNG_pbc.tsv,250000,10000,50
601195,1191_BNG_pbc.tsv,250000,10000,100
601195,1191_BNG_pbc.tsv,500000,200,10
601195,1191_BNG_pbc.tsv,500000,200,20
601195,1191_BNG_pbc.tsv,500000,200,50
601195,1191_BNG_pbc.tsv,500000,200,100
601195,1191_BNG_pbc.tsv,500000,500,10
601195,1191_BNG_pbc.tsv,500000,500,20
601195,1191_BNG_pbc.tsv,500000,500,50
601195,1191_BNG_pbc.tsv,500000,500,100
601195,1191_BNG_pbc.tsv,500000,1000,10
601195,1191_BNG_pbc.tsv,500000,1000,20
601195,1191_BNG_pbc.tsv,500000,1000,50
601195,1191_BNG_pbc.tsv,500000,1000,100
601195,1191_BNG_pbc.tsv,500000,2000,10
601195,1191_BNG_pbc.tsv,500000,2000,20
601195,1191_BNG_pbc.tsv,500000,2000,50
601195,1191_BNG_pbc.tsv,500000,2000,100
601195,1191_BNG_pbc.tsv,500000,5000,10
601195,1191_BNG_pbc.tsv,500000,5000,20
601195,1191_BNG_pbc.tsv,500000,5000,50
601195,1191_BNG_pbc.tsv,500000,5000,100
601195,1191_BNG_pbc.tsv,500000,10000,10
601195,1191_BNG_pbc.tsv,500000,10000,20
601195,1191_BNG_pbc.tsv,500000,10000,50
601195,1191_BNG_pbc.tsv,500000,10000,100
601195,1196_BNG_pharynx.tsv,100000,200,10
601195,1196_BNG_pharynx.tsv,100000,200,20
601195,1196_BNG_pharynx.tsv,100000,200,50
601195,1196_BNG_pharynx.tsv,100000,200,100
601195,1196_BNG_pharynx.tsv,100000,500,10
601195,1196_BNG_pharynx.tsv,100000,500,20
601195,1196_BNG_pharynx.tsv,100000,500,50
601195,1196_BNG_pharynx.tsv,100000,500,100
601195,1196_BNG_pharynx.tsv,100000,1000,10
601195,1196_BNG_pharynx.tsv,100000,1000,20
601195,1196_BNG_pharynx.tsv,100000,1000,50
601195,1196_BNG_pharynx.tsv,100000,1000,100
601195,1196_BNG_pharynx.tsv,100000,2000,10
601195,1196_BNG_pharynx.tsv,100000,2000,20
601195,1196_BNG_pharynx.tsv,100000,2000,50
601195,1196_BNG_pharynx.tsv,100000,2000,100
601195,1196_BNG_pharynx.tsv,100000,5000,10
601195,1196_BNG_pharynx.tsv,100000,5000,20
601195,1196_BNG_pharynx.tsv,100000,5000,50
601195,1196_BNG_pharynx.tsv,100000,5000,100
601195,1196_BNG_pharynx.tsv,100000,10000,10
601195,1196_BNG_pharynx.tsv,100000,10000,20
601195,1196_BNG_pharynx.tsv,100000,10000,50
601195,1196_BNG_pharynx.tsv,100000,10000,100
601195,1196_BNG_pharynx.tsv,250000,200,10
601195,1196_BNG_pharynx.tsv,250000,200,20
601195,1196_BNG_pharynx.tsv,250000,200,50
601195,1196_BNG_pharynx.tsv,250000,200,100
601195,1196_BNG_pharynx.tsv,250000,500,10
601195,1196_BNG_pharynx.tsv,250000,500,20
601195,1196_BNG_pharynx.tsv,250000,500,50
601195,1196_BNG_pharynx.tsv,250000,500,100
601195,1196_BNG_pharynx.tsv,250000,1000,10
601195,1196_BNG_pharynx.tsv,250000,1000,20
601195,1196_BNG_pharynx.tsv,250000,1000,50
601195,1196_BNG_pharynx.tsv,250000,1000,100
601195,1196_BNG_pharynx.tsv,250000,2000,10
601195,1196_BNG_pharynx.tsv,250000,2000,20
601195,1196_BNG_pharynx.tsv,250000,2000,50
601195,1196_BNG_pharynx.tsv,250000,2000,100
601195,1196_BNG_pharynx.tsv,250000,5000,10
601195,1196_BNG_pharynx.tsv,250000,5000,20
601195,1196_BNG_pharynx.tsv,250000,5000,50
601195,1196_BNG_pharynx.tsv,250000,5000,100
601195,1196_BNG_pharynx.tsv,250000,10000,10
601195,1196_BNG_pharynx.tsv,250000,10000,20
601195,1196_BNG_pharynx.tsv,250000,10000,50
601195,1196_BNG_pharynx.tsv,250000,10000,100
601195,1196_BNG_pharynx.tsv,500000,200,10
601195,1196_BNG_pharynx.tsv,500000,200,20
601195,1196_BNG_pharynx.tsv,500000,200,50
601195,1196_BNG_pharynx.tsv,500000,200,100
601195,1196_BNG_pharynx.tsv,500000,500,10
601195,1196_BNG_pharynx.tsv,500000,500,20
601195,1196_BNG_pharynx.tsv,500000,500,50
601195,1196_BNG_pharynx.tsv,500000,500,100
601195,1196_BNG_pharynx.tsv,500000,1000,10
601195,1196_BNG_pharynx.tsv,500000,1000,20
601195,1196_BNG_pharynx.tsv,500000,1000,50
601195,1196_BNG_pharynx.tsv,500000,1000,100
601195,1196_BNG_pharynx.tsv,500000,2000,10
601195,1196_BNG_pharynx.tsv,500000,2000,20
601195,1196_BNG_pharynx.tsv,500000,2000,50
601195,1196_BNG_pharynx.tsv,500000,2000,100
601195,1196_BNG_pharynx.tsv,500000,5000,10
601195,1196_BNG_pharynx.tsv,500000,5000,20
601195,1196_BNG_pharynx.tsv,500000,5000,50
601195,1196_BNG_pharynx.tsv,500000,5000,100
601195,1196_BNG_pharynx.tsv,500000,10000,10
601195,1196_BNG_pharynx.tsv,500000,10000,20
601195,1196_BNG_pharynx.tsv,500000,10000,50
601195,1196_BNG_pharynx.tsv,500000,10000,100
601195,1595_poker.tsv,100000,200,10
601195,1595_poker.tsv,100000,200,20
601195,1595_poker.tsv,100000,200,50
601195,1595_poker.tsv,100000,200,100
601195,1595_poker.tsv,100000,500,10
601195,1595_poker.tsv,100000,500,20
601195,1595_poker.tsv,100000,500,50
601195,1595_poker.tsv,100000,500,100
601195,1595_poker.tsv,100000,1000,10
601195,1595_poker.tsv,100000,1000,20
601195,1595_poker.tsv,100000,1000,50
601195,1595_poker.tsv,100000,1000,100
601195,1595_poker.tsv,100000,2000,10
601195,1595_poker.tsv,100000,2000,20
601195,1595_poker.tsv,100000,2000,50
601195,1595_poker.tsv,100000,2000,100
601195,1595_poker.tsv,100000,5000,10
601195,1595_poker.tsv,100000,5000,20
601195,1595_poker.tsv,100000,5000,50
601195,1595_poker.tsv,100000,5000,100
601195,1595_poker.tsv,100000,10000,10
601195,1595_poker.tsv,100000,10000,20
601195,1595_poker.tsv,100000,10000,50
601195,1595_poker.tsv,100000,10000,100
601195,1595_poker.tsv,250000,200,10
601195,1595_poker.tsv,250000,200,20
601195,1595_poker.tsv,250000,200,50
601195,1595_poker.tsv,250000,200,100
601195,1595_poker.tsv,250000,500,10
601195,1595_poker.tsv,250000,500,20
601195,1595_poker.tsv,250000,500,50
601195,1595_poker.tsv,250000,500,100
601195,1595_poker.tsv,250000,1000,10
601195,1595_poker.tsv,250000,1000,20
601195,1595_poker.tsv,250000,1000,50
601195,1595_poker.tsv,250000,1000,100
601195,1595_poker.tsv,250000,2000,10
601195,1595_poker.tsv,250000,2000,20
601195,1595_poker.tsv,250000,2000,50
601195,1595_poker.tsv,250000,2000,100
601195,1595_poker.tsv,250000,5000,10
601195,1595_poker.tsv,250000,5000,20
601195,1595_poker.tsv,250000,5000,50
601195,1595_poker.tsv,250000,5000,100
601195,1595_poker.tsv,250000,10000,10
601195,1595_poker.tsv,250000,10000,20
601195,1595_poker.tsv,250000,10000,50
601195,1595_poker.tsv,250000,10000,100
601195,1595_poker.tsv,500000,200,10
601195,1595_poker.tsv,500000,200,20
601195,1595_poker.tsv,500000,200,50
601195,1595_poker.tsv,500000,200,100
601195,1595_poker.tsv,500000,500,10
601195,1595_poker.tsv,500000,500,20
601195,1595_poker.tsv,500000,500,50
601195,1595_poker.tsv,500000,500,100
601195,1595_poker.tsv,500000,1000,10
601195,1595_poker.tsv,500000,1000,20
601195,1595_poker.tsv,500000,1000,50
601195,1595_poker.tsv,500000,1000,100
601195,1595_poker.tsv,500000,2000,10
601195,1595_poker.tsv,500000,2000,20
601195,1595_poker.tsv,500000,2000,50
601195,1595_poker.tsv,500000,2000,100
601195,1595_poker.tsv,500000,5000,10
601195,1595_poker.tsv,500000,5000,20
601195,1595_poker.tsv,500000,5000,50
601195,1595_poker.tsv,500000,5000,100
601195,1595_poker.tsv,500000,10000,10
601195,1595_poker.tsv,500000,10000,20
601195,1595_poker.tsv,500000,10000,50
601195,1595_poker.tsv,500000,10000,100
943369,1191_BNG_pbc.tsv,100000,200,10
943369,1191_BNG_pbc.tsv,100000,200,20
943369,1191_BNG_pbc.tsv,100000,200,50
943369,1191_BNG_pbc.tsv,100000,200,100
943369,1191_BNG_pbc.tsv,100000,500,10
943369,1191_BNG_pbc.tsv,100000,500,20
943369,1191_BNG_pbc.tsv,100000,500,50
943369,1191_BNG_pbc.tsv,100000,500,100
943369,1191_BNG_pbc.tsv,100000,1000,10
943369,1191_BNG_pbc.tsv,100000,1000,20
943369,1191_BNG_pbc.tsv,100000,1000,50
943369,1191_BNG_pbc.tsv,100000,1000,100
943369,1191_BNG_pbc.tsv,100000,2000,10
943369,1191_BNG_pbc.tsv,100000,2000,20
943369,1191_BNG_pbc.tsv,100000,2000,50
943369,1191_BNG_pbc.tsv,100000,2000,100
943369,1191_BNG_pbc.tsv,100000,5000,10
943369,1191_BNG_pbc.tsv,100000,5000,20
943369,1191_BNG_pbc.tsv,100000,5000,50
943369,1191_BNG_pbc.tsv,100000,5000,100
943369,1191_BNG_pbc.tsv,100000,10000,10
943369,1191_BNG_pbc.tsv,100000,10000,20
943369,1191_BNG_pbc.tsv,100000,10000,50
943369,1191_BNG_pbc.tsv,100000,10000,100
943369,1191_BNG_pbc.tsv,250000,200,10
943369,1191_BNG_pbc.tsv,250000,200,20
943369,1191_BNG_pbc.tsv,250000,200,50
943369,1191_BNG_pbc.tsv,250000,200,100
943369,1191_BNG_pbc.tsv,250000,500,10
943369,1191_BNG_pbc.tsv,250000,500,20
943369,1191_BNG_pbc.tsv,250000,500,50
943369,1191_BNG_pbc.tsv,250000,500,100
943369,1191_BNG_pbc.tsv,250000,1000,10
943369,1191_BNG_pbc.tsv,250000,1000,20
943369,1191_BNG_pbc.tsv,250000,1000,50
943369,1191_BNG_pbc.tsv,250000,1000,100
943369,1191_BNG_pbc.tsv,250000,2000,10
943369,1191_BNG_pbc.tsv,250000,2000,20
943369,1191_BNG_pbc.tsv,250000,2000,50
943369,1191_BNG_pbc.tsv,250000,2000,100
943369,1191_BNG_pbc.tsv,250000,5000,10
943369,1191_BNG_pbc.tsv,250000,5000,20
943369,1191_BNG_pbc.tsv,250000,5000,50
943369,1191_BNG_pbc.tsv,250000,5000,100
943369,1191_BNG_pbc.tsv,250000,10000,10
943369,1191_BNG_pbc.tsv,250000,10000,20
943369,1191_BNG_pbc.tsv,250000,10000,50
943369,1191_BNG_pbc.tsv,250000,10000,100
943369,1191_BNG_pbc.tsv,500000,200,10
943369,1191_BNG_pbc.tsv,500000,200,20
943369,1191_BNG_pbc.tsv,500000,200,50
943369,1191_BNG_pbc.tsv,500000,200,100
943369,1191_BNG_pbc.tsv,500000,500,10
943369,1191_BNG_pbc.tsv,500000,500,20
943369,1191_BNG_pbc.tsv,500000,500,50
943369,1191_BNG_pbc.tsv,500000,500,100
943369,1191_BNG_pbc.tsv,500000,1000,10
943369,1191_BNG_pbc.tsv,500000,1000,20
943369,1191_BNG_pbc.tsv,500000,1000,50
943369,1191_BNG_pbc.tsv,500000,1000,100
943369,1191_BNG_pbc.tsv,500000,2000,10
943369,1191_BNG_pbc.tsv,500000,2000,20
943369,1191_BNG_pbc.tsv,500000,2000,50
943369,1191_BNG_pbc.tsv,500000,2000,100
943369,1191_BNG_pbc.tsv,500000,5000,10
943369,1191_BNG_pbc.tsv,500000,5000,20
943369,1191_BNG_pbc.tsv,500000,5000,50
943369,1191_BNG_pbc.tsv,500000,5000,100
943369,1191_BNG_pbc.tsv,500000,10000,10
943369,1191_BNG_pbc.tsv,500000,10000,20
943369,1191_BNG_pbc.tsv,500000,10000,50
943369,1191_BNG_pbc.tsv,500000,10000,100
943369,1196_BNG_pharynx.tsv,100000,200,10
943369,1196_BNG_pharynx.tsv,100000,200,20
943369,1196_BNG_pharynx.tsv,100000,200,50
943369,1196_BNG_pharynx.tsv,100000,200,100
943369,1196_BNG_pharynx.tsv,100000,500,10
943369,1196_BNG_pharynx.tsv,100000,500,20
943369,1196_BNG_pharynx.tsv,100000,500,50
943369,1196_BNG_pharynx.tsv,100000,500,100
943369,1196_BNG_pharynx.tsv,100000,1000,10
943369,1196_BNG_pharynx.tsv,100000,1000,20
943369,1196_BNG_pharynx.tsv,100000,1000,50
943369,1196_BNG_pharynx.tsv,100000,1000,100
943369,1196_BNG_pharynx.tsv,100000,2000,10
943369,1196_BNG_pharynx.tsv,100000,2000,20
943369,1196_BNG_pharynx.tsv,100000,2000,50
943369,1196_BNG_pharynx.tsv,100000,2000,100
943369,1196_BNG_pharynx.tsv,100000,5000,10
943369,1196_BNG_pharynx.tsv,100000,5000,20
943369,1196_BNG_pharynx.tsv,100000,5000,50
943369,1196_BNG_pharynx.tsv,100000,5000,100
943369,1196_BNG_pharynx.tsv,100000,10000,10
943369,1196_BNG_pharynx.tsv,100000,10000,20
943369,1196_BNG_pharynx.tsv,100000,10000,50
943369,1196_BNG_pharynx.tsv,100000,10000,100
943369,1196_BNG_pharynx.tsv,250000,200,10
943369,1196_BNG_pharynx.tsv,250000,200,20
943369,1196_BNG_pharynx.tsv,250000,200,50
943369,1196_BNG_pharynx.tsv,250000,200,100
943369,1196_BNG_pharynx.tsv,250000,500,10
943369,1196_BNG_pharynx.tsv,250000,500,20
943369,1196_BNG_pharynx.tsv,250000,500,50
943369,1196_BNG_pharynx.tsv,250000,500,100
943369,1196_BNG_pharynx.tsv,250000,1000,10
943369,1196_BNG_pharynx.tsv,250000,1000,20
943369,1196_BNG_pharynx.tsv,250000,1000,50
943369,1196_BNG_pharynx.tsv,250000,1000,100
943369,1196_BNG_pharynx.tsv,250000,2000,10
943369,1196_BNG_pharynx.tsv,250000,2000,20
943369,1196_BNG_pharynx.tsv,250000,2000,50
943369,1196_BNG_pharynx.tsv,250000,2000,100
943369,1196_BNG_pharynx.tsv,250000,5000,10
943369,1196_BNG_pharynx.tsv,250000,5000,20
943369,1196_BNG_pharynx.tsv,250000,5000,50
943369,1196_BNG_pharynx.tsv,250000,5000,100
943369,1196_BNG_pharynx.tsv,250000,10000,10
943369,1196_BNG_pharynx.tsv,250000,10000,20
943369,1196_BNG_pharynx.tsv,250000,10000,50
943369,1196_BNG_pharynx.tsv,250000,10000,100
943369,1196_BNG_pharynx.tsv,500000,200,10
943369,1196_BNG_pharynx.tsv,500000,200,20
943369,1196_BNG_pharynx.tsv,500000,200,50
943369,1196_BNG_pharynx.tsv,500000,200,100
943369,1196_BNG_pharynx.tsv,500000,500,10
943369,1196_BNG_pharynx.tsv,500000,500,20
943369,1196_BNG_pharynx.tsv,500000,500,50
943369,1196_BNG_pharynx.tsv,500000,500,100
943369,1196_BNG_pharynx.tsv,500000,1000,10
943369,1196_BNG_pharynx.tsv,500000,1000,20
943369,1196_BNG_pharynx.tsv,500000,1000,50
943369,1196_BNG_pharynx.tsv,500000,1000,100
943369,1196_BNG_pharynx.tsv,500000,2000,10
943369,1196_BNG_pharynx.tsv,500000,2000,20
943369,1196_BNG_pharynx.tsv,500000,2000,50
943369,1196_BNG_pharynx.tsv,500000,2000,100
943369,1196_BNG_pharynx.tsv,500000,5000,10
943369,1196_BNG_pharynx.tsv,500000,5000,20
943369,1196_BNG_pharynx.tsv,500000,5000,50
943369,1196_BNG_pharynx.tsv,500000,5000,100
943369,1196_BNG_pharynx.tsv,500000,10000,10
943369,1196_BNG_pharynx.tsv,500000,10000,20
943369,1196_BNG_pharynx.tsv,500000,10000,50
943369,1196_BNG_pharynx.tsv,500000,10000,100
943369,1595_poker.tsv,100000,200,10
943369,1595_poker.tsv,100000,200,20
943369,1595_poker.tsv,100000,200,50
943369,1595_poker.tsv,100000,200,100
943369,1595_poker.tsv,100000,500,10
943369,1595_poker.tsv,100000,500,20
943369,1595_poker.tsv,100000,500,50
943369,1595_poker.tsv,100000,500,100
943369,1595_poker.tsv,100000,1000,10
943369,1595_poker.tsv,100000,1000,20
943369,1595_poker.tsv,100000,1000,50
943369,1595_poker.tsv,100000,1000,100
943369,1595_poker.tsv,100000,2000,10
943369,1595_poker.tsv,100000,2000,20
943369,1595_poker.tsv,100000,2000,50
943369,1595_poker.tsv,100000,2000,100
943369,1595_poker.tsv,100000,5000,10
943369,1595_poker.tsv,100000,5000,20
943369,1595_poker.tsv,100000,5000,50
943369,1595_poker.tsv,100000,5000,100
943369,1595_poker.tsv,100000,10000,10
943369,1595_poker.tsv,100000,10000,20
943369,1595_poker.tsv,100000,10000,50
943369,1595_poker.tsv,100000,10000,100
943369,1595_poker.tsv,250000,200,10
943369,1595_poker.tsv,250000,200,20
943369,1595_poker.tsv,250000,200,50
943369,1595_poker.tsv,250000,200,100
943369,1595_poker.tsv,250000,500,10
943369,1595_poker.tsv,250000,500,20
943369,1595_poker.tsv,250000,500,50
943369,1595_poker.tsv,250000,500,100
943369,1595_poker.tsv,250000,1000,10
943369,1595_poker.tsv,250000,1000,20
943369,1595_poker.tsv,250000,1000,50
943369,1595_poker.tsv,250000,1000,100
943369,1595_poker.tsv,250000,2000,10
943369,1595_poker.tsv,250000,2000,20
943369,1595_poker.tsv,250000,2000,50
943369,1595_poker.tsv,250000,2000,100
943369,1595_poker.tsv,250000,5000,10
943369,1595_poker.tsv,250000,5000,20
943369,1595_poker.tsv,250000,5000,50
943369,1595_poker.tsv,250000,5000,100
943369,1595_poker.tsv,250000,10000,10
943369,1595_poker.tsv,250000,10000,20
943369,1595_poker.tsv,250000,10000,50
943369,1595_poker.tsv,250000,10000,100
943369,1595_poker.tsv,500000,200,10
943369,1595_poker.tsv,500000,200,20
943369,1595_poker.tsv,500000,200,50
943369,1595_poker.tsv,500000,200,100
943369,1595_poker.tsv,500000,500,10
943369,1595_poker.tsv,500000,500,20
943369,1595_poker.tsv,500000,500,50
943369,1595_poker.tsv,500000,500,100
943369,1595_poker.tsv,500000,1000,10
943369,1595_poker.tsv,500000,1000,20
943369,1595_poker.tsv,500000,1000,50
943369,1595_poker.tsv,500000,1000,100
943369,1595_poker.tsv,500000,2000,10
943369,1595_poker.tsv,500000,2000,20
943369,1595_poker.tsv,500000,2000,50
943369,1595_poker.tsv,500000,2000,100
943369,1595_poker.tsv,500000,5000,10
943369,1595_poker.tsv,500000,5000,20
943369,1595_poker.tsv,500000,5000,50
943369,1595_poker.tsv,500000,5000,100
943369,1595_poker.tsv,500000,10000,10
943369,1595_poker.tsv,500000,10000,20
943369,1595_poker.tsv,500000,10000,50
943369,1595_poker.tsv,500000,10000,100
226290,1191_BNG_pbc.tsv,100000,200,10
226290,1191_BNG_pbc.tsv,100000,200,20
226290,1191_BNG_pbc.tsv,100000,200,50
226290,1191_BNG_pbc.tsv,100000,200,100
226290,1191_BNG_pbc.tsv,100000,500,10
226290,1191_BNG_pbc.tsv,100000,500,20
226290,1191_BNG_pbc.tsv,100000,500,50
226290,1191_BNG_pbc.tsv,100000,500,100
226290,1191_BNG_pbc.tsv,100000,1000,10
226290,1191_BNG_pbc.tsv,100000,1000,20
226290,1191_BNG_pbc.tsv,100000,1000,50
226290,1191_BNG_pbc.tsv,100000,1000,100
226290,1191_BNG_pbc.tsv,100000,2000,10
226290,1191_BNG_pbc.tsv,100000,2000,20
226290,1191_BNG_pbc.tsv,100000,2000,50
226290,1191_BNG_pbc.tsv,100000,2000,100
226290,1191_BNG_pbc.tsv,100000,5000,10
226290,1191_BNG_pbc.tsv,100000,5000,20
226290,1191_BNG_pbc.tsv,100000,5000,50
226290,1191_BNG_pbc.tsv,100000,5000,100
226290,1191_BNG_pbc.tsv,100000,10000,10
226290,1191_BNG_pbc.tsv,100000,10000,20
226290,1191_BNG_pbc.tsv,100000,10000,50
226290,1191_BNG_pbc.tsv,100000,10000,100
226290,1191_BNG_pbc.tsv,250000,200,10
226290,1191_BNG_pbc.tsv,250000,200,20
226290,1191_BNG_pbc.tsv,250000,200,50
226290,1191_BNG_pbc.tsv,250000,200,100
226290,1191_BNG_pbc.tsv,250000,500,10
226290,1191_BNG_pbc.tsv,250000,500,20
226290,1191_BNG_pbc.tsv,250000,500,50
226290,1191_BNG_pbc.tsv,250000,500,100
226290,1191_BNG_pbc.tsv,250000,1000,10
226290,1191_BNG_pbc.tsv,250000,1000,20
226290,1191_BNG_pbc.tsv,250000,1000,50
226290,1191_BNG_pbc.tsv,250000,1000,100
226290,1191_BNG_pbc.tsv,250000,2000,10
226290,1191_BNG_pbc.tsv,250000,2000,20
226290,1191_BNG_pbc.tsv,250000,2000,50
226290,1191_BNG_pbc.tsv,250000,2000,100
226290,1191_BNG_pbc.tsv,250000,5000,10
226290,1191_BNG_pbc.tsv,250000,5000,20
226290,1191_BNG_pbc.tsv,250000,5000,50
226290,1191_BNG_pbc.tsv,250000,5000,100
226290,1191_BNG_pbc.tsv,250000,10000,10
226290,1191_BNG_pbc.tsv,250000,10000,20
226290,1191_BNG_pbc.tsv,250000,10000,50
226290,1191_BNG_pbc.tsv,250000,10000,100
226290,1191_BNG_pbc.tsv,500000,200,10
226290,1191_BNG_pbc.tsv,500000,200,20
226290,1191_BNG_pbc.tsv,500000,200,50
226290,1191_BNG_pbc.tsv,500000,200,100
226290,1191_BNG_pbc.tsv,500000,500,10
226290,1191_BNG_pbc.tsv,500000,500,20
226290,1191_BNG_pbc.tsv,500000,500,50
226290,1191_BNG_pbc.tsv,500000,500,100
226290,1191_BNG_pbc.tsv,500000,1000,10
226290,1191_BNG_pbc.tsv,500000,1000,20
226290,1191_BNG_pbc.tsv,500000,1000,50
226290,1191_BNG_pbc.tsv,500000,1000,100
226290,1191_BNG_pbc.tsv,500000,2000,10
226290,1191_BNG_pbc.tsv,500000,2000,20
226290,1191_BNG_pbc.tsv,500000,2000,50
226290,1191_BNG_pbc.tsv,500000,2000,100
226290,1191_BNG_pbc.tsv,500000,5000,10
226290,1191_BNG_pbc.tsv,500000,5000,20
226290,1191_BNG_pbc.tsv,500000,5000,50
226290,1191_BNG_pbc.tsv,500000,5000,100
226290,1191_BNG_pbc.tsv,500000,10000,10
226290,1191_BNG_pbc.tsv,500000,10000,20
226290,1191_BNG_pbc.tsv,500000,10000,50
226290,1191_BNG_pbc.tsv,500000,10000,100
226290,1196_BNG_pharynx.tsv,100000,200,10
226290,1196_BNG_pharynx.tsv,100000,200,20
226290,1196_BNG_pharynx.tsv,100000,200,50
226290,1196_BNG_pharynx.tsv,100000,200,100
226290,1196_BNG_pharynx.tsv,100000,500,10
226290,1196_BNG_pharynx.tsv,100000,500,20
226290,1196_BNG_pharynx.tsv,100000,500,50
226290,1196_BNG_pharynx.tsv,100000,500,100
226290,1196_BNG_pharynx.tsv,100000,1000,10
226290,1196_BNG_pharynx.tsv,100000,1000,20
226290,1196_BNG_pharynx.tsv,100000,1000,50
226290,1196_BNG_pharynx.tsv,100000,1000,100
226290,1196_BNG_pharynx.tsv,100000,2000,10
226290,1196_BNG_pharynx.tsv,100000,2000,20
226290,1196_BNG_pharynx.tsv,100000,2000,50
226290,1196_BNG_pharynx.tsv,100000,2000,100
226290,1196_BNG_pharynx.tsv,100000,5000,10
226290,1196_BNG_pharynx.tsv,100000,5000,20
226290,1196_BNG_pharynx.tsv,100000,5000,50
226290,1196_BNG_pharynx.tsv,100000,5000,100
226290,1196_BNG_pharynx.tsv,100000,10000,10
226290,1196_BNG_pharynx.tsv,100000,10000,20
226290,1196_BNG_pharynx.tsv,100000,10000,50
226290,1196_BNG_pharynx.tsv,100000,10000,100
226290,1196_BNG_pharynx.tsv,250000,200,10
226290,1196_BNG_pharynx.tsv,250000,200,20
226290,1196_BNG_pharynx.tsv,250000,200,50
226290,1196_BNG_pharynx.tsv,250000,200,100
226290,1196_BNG_pharynx.tsv,250000,500,10
226290,1196_BNG_pharynx.tsv,250000,500,20
226290,1196_BNG_pharynx.tsv,250000,500,50
226290,1196_BNG_pharynx.tsv,250000,500,100
226290,1196_BNG_pharynx.tsv,250000,1000,10
226290,1196_BNG_pharynx.tsv,250000,1000,20
226290,1196_BNG_pharynx.tsv,250000,1000,50
226290,1196_BNG_pharynx.tsv,250000,1000,100
226290,1196_BNG_pharynx.tsv,250000,2000,10
226290,1196_BNG_pharynx.tsv,250000,2000,20
226290,1196_BNG_pharynx.tsv,250000,2000,50
226290,1196_BNG_pharynx.tsv,250000,2000,100
226290,1196_BNG_pharynx.tsv,250000,5000,10
226290,1196_BNG_pharynx.tsv,250000,5000,20
226290,1196_BNG_pharynx.tsv,250000,5000,50
226290,1196_BNG_pharynx.tsv,250000,5000,100
226290,1196_BNG_pharynx.tsv,250000,10000,10
226290,1196_BNG_pharynx.tsv,250000,10000,20
226290,1196_BNG_pharynx.tsv,250000,10000,50
226290,1196_BNG_pharynx.tsv,250000,10000,100
226290,1196_BNG_pharynx.tsv,500000,200,10
226290,1196_BNG_pharynx.tsv,500000,200,20
226290,1196_BNG_pharynx.tsv,500000,200,50
226290,1196_BNG_pharynx.tsv,500000,200,100
226290,1196_BNG_pharynx.tsv,500000,500,10
226290,1196_BNG_pharynx.tsv,500000,500,20
226290,1196_BNG_pharynx.tsv,500000,500,50
226290,1196_BNG_pharynx.tsv,500000,500,100
226290,1196_BNG_pharynx.tsv,500000,1000,10
226290,1196_BNG_pharynx.tsv,500000,1000,20
226290,1196_BNG_pharynx.tsv,500000,1000,50
226290,1196_BNG_pharynx.tsv,500000,1000,100
226290,1196_BNG_pharynx.tsv,500000,2000,10
226290,1196_BNG_pharynx.tsv,500000,2000,20
226290,1196_BNG_pharynx.tsv,500000,2000,50
226290,1196_BNG_pharynx.tsv,500000,2000,100
226290,1196_BNG_pharynx.tsv,500000,5000,10
226290,1196_BNG_pharynx.tsv,500000,5000,20
226290,1196_BNG_pharynx.tsv,500000,5000,50
226290,1196_BNG_pharynx.tsv,500000,5000,100
226290,1196_BNG_pharynx.tsv,500000,10000,10
226290,1196_BNG_pharynx.tsv,500000,10000,20
226290,1196_BNG_pharynx.tsv,500000,10000,50
226290,1196_BNG_pharynx.tsv,500000,10000,100
226290,1595_poker.tsv,100000,200,10
226290,1595_poker.tsv,100000,200,20
226290,1595_poker.tsv,100000,200,50
226290,1595_poker.tsv,100000,200,100
226290,1595_poker.tsv,100000,500,10
226290,1595_poker.tsv,100000,500,20
226290,1595_poker.tsv,100000,500,50
226290,1595_poker.tsv,100000,500,100
226290,1595_poker.tsv,100000,1000,10
226290,1595_poker.tsv,100000,1000,20
226290,1595_poker.tsv,100000,1000,50
226290,1595_poker.tsv,100000,1000,100
226290,1595_poker.tsv,100000,2000,10
226290,1595_poker.tsv,100000,2000,20
226290,1595_poker.tsv,100000,2000,50
226290,1595_poker.tsv,100000,2000,100
226290,1595_poker.tsv,100000,5000,10
226290,1595_poker.tsv,100000,5000,20
226290,1595_poker.tsv,100000,5000,50
226290,1595_poker.tsv,100000,5000,100
226290,1595_poker.tsv,100000,10000,10
226290,1595_poker.tsv,100000,10000,20
226290,1595_poker.tsv,100000,10000,50
226290,1595_poker.tsv,100000,10000,100
226290,1595_poker.tsv,250000,200,10
226290,1595_poker.tsv,250000,200,20
226290,1595_poker.tsv,250000,200,50
226290,1595_poker.tsv,250000,200,100
226290,1595_poker.tsv,250000,500,10
226290,1595_poker.tsv,250000,500,20
226290,1595_poker.tsv,250000,500,50
226290,1595_poker.tsv,250000,500,100
226290,1595_poker.tsv,250000,1000,10
226290,1595_poker.tsv,250000,1000,20
226290,1595_poker.tsv,250000,1000,50
226290,1595_poker.tsv,250000,1000,100
226290,1595_poker.tsv,250000,2000,10
226290,1595_poker.tsv,250000,2000,20
226290,1595_poker.tsv,250000,2000,50
226290,1595_poker.tsv,250000,2000,100
226290,1595_poker.tsv,250000,5000,10
226290,1595_poker.tsv,250000,5000,20
226290,1595_poker.tsv,250000,5000,50
226290,1595_poker.tsv,250000,5000,100
226290,1595_poker.tsv,250000,10000,10
226290,1595_poker.tsv,250000,10000,20
226290,1595_poker.tsv,250000,10000,50
226290,1595_poker.tsv,250000,10000,100
226290,1595_poker.tsv,500000,200,10
226290,1595_poker.tsv,500000,200,20
226290,1595_poker.tsv,500000,200,50
226290,1595_poker.tsv,500000,200,100
226290,1595_poker.tsv,500000,500,10
226290,1595_poker.tsv,500000,500,20
226290,1595_poker.tsv,500000,500,50
226290,1595_poker.tsv,500000,500,100
226290,1595_poker.tsv,500000,1000,10
226290,1595_poker.tsv,500000,1000,20
226290,1595_poker.tsv,500000,1000,50
226290,1595_poker.tsv,500000,1000,100
226290,1595_poker.tsv,500000,2000,10
226290,1595_poker.tsv,500000,2000,20
226290,1595_poker.tsv,500000,2000,50
226290,1595_poker.tsv,500000,2000,100
226290,1595_poker.tsv,500000,5000,10
226290,1595_poker.tsv,500000,5000,20
226290,1595_poker.tsv,500000,5000,50
226290,1595_poker.tsv,500000,5000,100
226290,1595_poker.tsv,500000,10000,10
226290,1595_poker.tsv,500000,10000,20
226290,1595_poker.tsv,500000,10000,50
226290,1595_poker.tsv,500000,10000,100