648630,1595_poker.tsv,100000,100,10000
648630,1595_poker.tsv,250000,50,5000
648630,1595_poker.tsv,250000,50,10000
648630,1595_poker.tsv,250000,100,5000
648630,1595_poker.tsv,250000,100,10000
648630,1595_poker.tsv,500000,10,10000
648630,1595_poker.tsv,500000,20,10000
648630,1595_poker.tsv,500000,50,2000
648630,1595_poker.tsv,500000,50,5000
648630,1595_poker.tsv,500000,50,10000
648630,1595_poker.tsv,500000,100,1000
648630,1595_poker.tsv,500000,100,2000
648630,1595_poker.tsv,500000,100,5000
648630,1595_poker.tsv,500000,100,10000
246723,1595_poker.tsv,50000,100,10000