478839,1191_BNG_pbc.tsv,100000,100,10000
478839,1191_BNG_pbc.tsv,250000,50,10000
478839,1191_BNG_pbc.tsv,250000,100,5000
478839,1191_BNG_pbc.tsv,250000,100,10000
478839,1191_BNG_pbc.tsv,500000,20,10000
478839,1191_BNG_pbc.tsv,500000,50,5000
478839,1191_BNG_pbc.tsv,500000,50,10000
478839,1191_BNG_pbc.tsv,500000,100,1000
478839,1191_BNG_pbc.tsv,500000,100,2000
478839,1191_BNG_pbc.tsv,500000,100,5000
478839,1191_BNG_pbc.tsv,500000,100,10000
478839,1196_BNG_pharynx.tsv,100000,50,10000
478839,1196_BNG_pharynx.tsv,100000,100,10000
478839,1196_BNG_pharynx.tsv,250000,20,10000
478839,1196_BNG_pharynx.tsv,250000,50,5000
478839,1196_BNG_pharynx.tsv,250000,50,10000
478839,1196_BNG_pharynx.tsv,250000,100,2000
478839,1196_BNG_pharynx.tsv,250000,100,5000
478839,1196_BNG_pharynx.tsv,250000,100,10000
478839,1196_BNG_pharynx.tsv,500000,10,10000
478839,1196_BNG_pharynx.tsv,500000,20,5000
478839,1196_BNG_pharynx.tsv,500000,20,10000
478839,1196_BNG_pharynx.tsv,500000,50,1000
478839,1196_BNG_pharynx.tsv,500000,50,2000
478839,1196_BNG_pharynx.tsv,500000,50,5000
478839,1196_BNG_pharynx.tsv,500000,50,10000
478839,1196_BNG_pharynx.tsv,500000,100,1000
478839,1196_BNG_pharynx.tsv,500000,100,2000
478839,1196_BNG_pharynx.tsv,500000,100,5000
478839,1196_BNG_pharynx.tsv,500000,100,10000
