75528,1191_BNG_pbc.tsv,100000,10,200
75528,1191_BNG_pbc.tsv,100000,10,500
75528,1191_BNG_pbc.tsv,100000,10,1000
75528,1191_BNG_pbc.tsv,100000,10,2000
75528,1191_BNG_pbc.tsv,100000,10,5000
75528,1191_BNG_pbc.tsv,100000,10,10000
75528,1191_BNG_pbc.tsv,100000,20,200
75528,1191_BNG_pbc.tsv,100000,20,500
75528,1191_BNG_pbc.tsv,100000,20,1000
75528,1191_BNG_pbc.tsv,100000,20,2000
75528,1191_BNG_pbc.tsv,100000,20,5000
75528,1191_BNG_pbc.tsv,100000,20,10000
75528,1191_BNG_pbc.tsv,100000,50,200
75528,1191_BNG_pbc.tsv,100000,50,500
75528,1191_BNG_pbc.tsv,100000,50,1000
75528,1191_BNG_pbc.tsv,100000,50,2000
75528,1191_BNG_pbc.tsv,100000,50,5000
75528,1191_BNG_pbc.tsv,100000,50,10000
75528,1191_BNG_pbc.tsv,100000,100,200
75528,1191_BNG_pbc.tsv,100000,100,500
75528,1191_BNG_pbc.tsv,100000,100,1000
75528,1191_BNG_pbc.tsv,100000,100,2000
75528,1191_BNG_pbc.tsv,100000,100,5000
75528,1191_BNG_pbc.tsv,100000,100,10000
75528,1191_BNG_pbc.tsv,250000,10,200
75528,1191_BNG_pbc.tsv,250000,10,500
75528,1191_BNG_pbc.tsv,250000,10,1000
75528,1191_BNG_pbc.tsv,250000,10,2000
75528,1191_BNG_pbc.tsv,250000,10,5000
75528,1191_BNG_pbc.tsv,250000,10,10000
75528,1191_BNG_pbc.tsv,250000,20,200
75528,1191_BNG_pbc.tsv,250000,20,500
75528,1191_BNG_pbc.tsv,250000,20,1000
75528,1191_BNG_pbc.tsv,250000,20,2000
75528,1191_BNG_pbc.tsv,250000,20,5000
75528,1191_BNG_pbc.tsv,250000,20,10000
75528,1191_BNG_pbc.tsv,250000,50,200
75528,1191_BNG_pbc.tsv,250000,50,500
75528,1191_BNG_pbc.tsv,250000,50,1000
75528,1191_BNG_pbc.tsv,250000,50,2000
75528,1191_BNG_pbc.tsv,250000,50,5000
75528,1191_BNG_pbc.tsv,250000,50,10000
75528,1191_BNG_pbc.tsv,250000,100,200
75528,1191_BNG_pbc.tsv,250000,100,500
75528,1191_BNG_pbc.tsv,250000,100,1000
75528,1191_BNG_pbc.tsv,250000,100,2000
75528,1191_BNG_pbc.tsv,250000,100,5000
75528,1191_BNG_pbc.tsv,250000,100,10000
75528,1191_BNG_pbc.tsv,500000,10,200
75528,1191_BNG_pbc.tsv,500000,10,500
75528,1191_BNG_pbc.tsv,500000,10,1000
75528,1191_BNG_pbc.tsv,500000,10,2000
75528,1191_BNG_pbc.tsv,500000,10,5000
75528,1191_BNG_pbc.tsv,500000,10,10000
75528,1191_BNG_pbc.tsv,500000,20,200
75528,1191_BNG_pbc.tsv,500000,20,500
75528,1191_BNG_pbc.tsv,500000,20,1000
75528,1191_BNG_pbc.tsv,500000,20,2000
75528,1191_BNG_pbc.tsv,500000,20,5000
75528,1191_BNG_pbc.tsv,500000,20,10000
75528,1191_BNG_pbc.tsv,500000,50,200
75528,1191_BNG_pbc.tsv,500000,50,500
75528,1191_BNG_pbc.tsv,500000,50,1000
75528,1191_BNG_pbc.tsv,500000,50,2000
75528,1191_BNG_pbc.tsv,500000,50,5000
75528,1191_BNG_pbc.tsv,500000,50,10000
75528,1191_BNG_pbc.tsv,500000,100,200
75528,1191_BNG_pbc.tsv,500000,100,500
75528,1191_BNG_pbc.tsv,500000,100,1000
75528,1191_BNG_pbc.tsv,500000,100,2000
75528,1191_BNG_pbc.tsv,500000,100,5000
75528,1191_BNG_pbc.tsv,500000,100,10000
75528,1196_BNG_pharynx.tsv,100000,10,200
75528,1196_BNG_pharynx.tsv,100000,10,500
75528,1196_BNG_pharynx.tsv,100000,10,1000
75528,1196_BNG_pharynx.tsv,100000,10,2000
75528,1196_BNG_pharynx.tsv,100000,10,5000
75528,1196_BNG_pharynx.tsv,100000,10,10000
75528,1196_BNG_pharynx.tsv,100000,20,200
75528,1196_BNG_pharynx.tsv,100000,20,500
75528,1196_BNG_pharynx.tsv,100000,20,1000
75528,1196_BNG_pharynx.tsv,100000,20,2000
75528,1196_BNG_pharynx.tsv,100000,20,5000
75528,1196_BNG_pharynx.tsv,100000,20,10000
75528,1196_BNG_pharynx.tsv,100000,50,200
75528,1196_BNG_pharynx.tsv,100000,50,500
75528,1196_BNG_pharynx.tsv,100000,50,1000
75528,1196_BNG_pharynx.tsv,100000,50,2000
75528,1196_BNG_pharynx.tsv,100000,50,5000
75528,1196_BNG_pharynx.tsv,100000,50,10000
75528,1196_BNG_pharynx.tsv,100000,100,200
75528,1196_BNG_pharynx.tsv,100000,100,500
75528,1196_BNG_pharynx.tsv,100000,100,1000
75528,1196_BNG_pharynx.tsv,100000,100,2000
75528,1196_BNG_pharynx.tsv,100000,100,5000
75528,1196_BNG_pharynx.tsv,100000,100,10000
75528,1196_BNG_pharynx.tsv,250000,10,200
75528,1196_BNG_pharynx.tsv,250000,10,500
75528,1196_BNG_pharynx.tsv,250000,10,1000
75528,1196_BNG_pharynx.tsv,250000,10,2000
75528,1196_BNG_pharynx.tsv,250000,10,5000
75528,1196_BNG_pharynx.tsv,250000,10,10000
75528,1196_BNG_pharynx.tsv,250000,20,200
75528,1196_BNG_pharynx.tsv,250000,20,500
75528,1196_BNG_pharynx.tsv,250000,20,1000
75528,1196_BNG_pharynx.tsv,250000,20,2000
75528,1196_BNG_pharynx.tsv,250000,20,5000
75528,1196_BNG_pharynx.tsv,250000,20,10000
75528,1196_BNG_pharynx.tsv,250000,50,200
75528,1196_BNG_pharynx.tsv,250000,50,500
75528,1196_BNG_pharynx.tsv,250000,50,1000
75528,1196_BNG_pharynx.tsv,250000,50,2000
75528,1196_BNG_pharynx.tsv,250000,50,5000
75528,1196_BNG_pharynx.tsv,250000,50,10000
75528,1196_BNG_pharynx.tsv,250000,100,200
75528,1196_BNG_pharynx.tsv,250000,100,500
75528,1196_BNG_pharynx.tsv,250000,100,1000
75528,1196_BNG_pharynx.tsv,250000,100,2000
75528,1196_BNG_pharynx.tsv,250000,100,5000
75528,1196_BNG_pharynx.tsv,250000,100,10000
75528,1196_BNG_pharynx.tsv,500000,10,200
75528,1196_BNG_pharynx.tsv,500000,10,500
75528,1196_BNG_pharynx.tsv,500000,10,1000
75528,1196_BNG_pharynx.tsv,500000,10,2000
75528,1196_BNG_pharynx.tsv,500000,10,5000
75528,1196_BNG_pharynx.tsv,500000,10,10000
75528,1196_BNG_pharynx.tsv,500000,20,200
75528,1196_BNG_pharynx.tsv,500000,20,500
75528,1196_BNG_pharynx.tsv,500000,20,1000
75528,1196_BNG_pharynx.tsv,500000,20,2000
75528,1196_BNG_pharynx.tsv,500000,20,5000
75528,1196_BNG_pharynx.tsv,500000,20,10000
75528,1196_BNG_pharynx.tsv,500000,50,200
75528,1196_BNG_pharynx.tsv,500000,50,500
75528,1196_BNG_pharynx.tsv,500000,50,1000
75528,1196_BNG_pharynx.tsv,500000,50,2000
75528,1196_BNG_pharynx.tsv,500000,50,5000
75528,1196_BNG_pharynx.tsv,500000,50,10000
75528,1196_BNG_pharynx.tsv,500000,100,200
75528,1196_BNG_pharynx.tsv,500000,100,500
75528,1196_BNG_pharynx.tsv,500000,100,1000
75528,1196_BNG_pharynx.tsv,500000,100,2000
75528,1196_BNG_pharynx.tsv,500000,100,5000
75528,1196_BNG_pharynx.tsv,500000,100,10000
75528,1595_poker.tsv,100000,10,200
75528,1595_poker.tsv,100000,10,500
75528,1595_poker.tsv,100000,10,1000
75528,1595_poker.tsv,100000,10,2000
75528,1595_poker.tsv,100000,10,5000
75528,1595_poker.tsv,100000,10,10000
75528,1595_poker.tsv,100000,20,200
75528,1595_poker.tsv,100000,20,500
75528,1595_poker.tsv,100000,20,1000
75528,1595_poker.tsv,100000,20,2000
75528,1595_poker.tsv,100000,20,5000
75528,1595_poker.tsv,100000,20,10000
75528,1595_poker.tsv,100000,50,200
75528,1595_poker.tsv,100000,50,500
75528,1595_poker.tsv,100000,50,1000
75528,1595_poker.tsv,100000,50,2000
75528,1595_poker.tsv,100000,50,5000
75528,1595_poker.tsv,100000,50,10000
75528,1595_poker.tsv,100000,100,200
75528,1595_poker.tsv,100000,100,500
75528,1595_poker.tsv,100000,100,1000
75528,1595_poker.tsv,100000,100,2000
75528,1595_poker.tsv,100000,100,5000
75528,1595_poker.tsv,100000,100,10000
75528,1595_poker.tsv,250000,10,200
75528,1595_poker.tsv,250000,10,500
75528,1595_poker.tsv,250000,10,1000
75528,1595_poker.tsv,250000,10,2000
75528,1595_poker.tsv,250000,10,5000
75528,1595_poker.tsv,250000,10,10000
75528,1595_poker.tsv,250000,20,200
75528,1595_poker.tsv,250000,20,500
75528,1595_poker.tsv,250000,20,1000
75528,1595_poker.tsv,250000,20,2000
75528,1595_poker.tsv,250000,20,5000
75528,1595_poker.tsv,250000,20,10000
75528,1595_poker.tsv,250000,50,200
75528,1595_poker.tsv,250000,50,500
75528,1595_poker.tsv,250000,50,1000
75528,1595_poker.tsv,250000,50,2000
75528,1595_poker.tsv,250000,50,5000
75528,1595_poker.tsv,250000,50,10000
75528,1595_poker.tsv,250000,100,200
75528,1595_poker.tsv,250000,100,500
75528,1595_poker.tsv,250000,100,1000
75528,1595_poker.tsv,250000,100,2000
75528,1595_poker.tsv,250000,100,5000
75528,1595_poker.tsv,250000,100,10000
75528,1595_poker.tsv,500000,10,200
75528,1595_poker.tsv,500000,10,500
75528,1595_poker.tsv,500000,10,1000
75528,1595_poker.tsv,500000,10,2000
75528,1595_poker.tsv,500000,10,5000
75528,1595_poker.tsv,500000,10,10000
75528,1595_poker.tsv,500000,20,200
75528,1595_poker.tsv,500000,20,500
75528,1595_poker.tsv,500000,20,1000
75528,1595_poker.tsv,500000,20,2000
75528,1595_poker.tsv,500000,20,5000
75528,1595_poker.tsv,500000,20,10000
75528,1595_poker.tsv,500000,50,200
75528,1595_poker.tsv,500000,50,500
75528,1595_poker.tsv,500000,50,1000
75528,1595_poker.tsv,500000,50,2000
75528,1595_poker.tsv,500000,50,5000
75528,1595_poker.tsv,500000,50,10000
75528,1595_poker.tsv,500000,100,200
75528,1595_poker.tsv,500000,100,500
75528,1595_poker.tsv,500000,100,1000
75528,1595_poker.tsv,500000,100,2000
75528,1595_poker.tsv,500000,100,5000
75528,1595_poker.tsv,500000,100,10000