406090,1595_poker.tsv,500000,5000,100
406090,1595_poker.tsv,500000,10000,100
648630,1191_BNG_pbc.tsv,250000,10000,100
648630,1191_BNG_pbc.tsv,500000,1000,100
648630,1191_BNG_pbc.tsv,500000,2000,50
648630,1191_BNG_pbc.tsv,500000,2000,100
648630,1191_BNG_pbc.tsv,500000,5000,50
648630,1191_BNG_pbc.tsv,500000,5000,100
648630,1191_BNG_pbc.tsv,500000,10000,10
648630,1191_BNG_pbc.tsv,500000,10000,20
648630,1191_BNG_pbc.tsv,500000,10000,50
648630,1191_BNG_pbc.tsv,500000,10000,100
648630,1196_BNG_pharynx.tsv,100000,200,10
648630,1196_BNG_pharynx.tsv,100000,200,20
648630,1196_BNG_pharynx.tsv,100000,200,50
648630,1196_BNG_pharynx.tsv,100000,200,100
648630,1196_BNG_pharynx.tsv,100000,500,10
648630,1196_BNG_pharynx.tsv,100000,500,20
648630,1196_BNG_pharynx.tsv,100000,500,50
648630,1196_BNG_pharynx.tsv,100000,500,100
648630,1196_BNG_pharynx.tsv,100000,1000,10
648630,1196_BNG_pharynx.tsv,100000,1000,20
648630,1196_BNG_pharynx.tsv,100000,1000,50
648630,1196_BNG_pharynx.tsv,100000,1000,100
648630,1196_BNG_pharynx.tsv,100000,2000,10
648630,1196_BNG_pharynx.tsv,100000,2000,20
648630,1196_BNG_pharynx.tsv,100000,2000,50
648630,1196_BNG_pharynx.tsv,100000,2000,100
648630,1196_BNG_pharynx.tsv,100000,5000,10
648630,1196_BNG_pharynx.tsv,100000,5000,20
648630,1196_BNG_pharynx.tsv,100000,5000,50
648630,1196_BNG_pharynx.tsv,100000,5000,100
648630,1196_BNG_pharynx.tsv,100000,10000,10
648630,1196_BNG_pharynx.tsv,100000,10000,20
648630,1196_BNG_pharynx.tsv,100000,10000,50
648630,1196_BNG_pharynx.tsv,100000,10000,100
648630,1196_BNG_pharynx.tsv,250000,200,10
648630,1196_BNG_pharynx.tsv,250000,200,20
648630,1196_BNG_pharynx.tsv,250000,200,50
648630,1196_BNG_pharynx.tsv,250000,200,100
648630,1196_BNG_pharynx.tsv,250000,500,10
648630,1196_BNG_pharynx.tsv,250000,500,20
648630,1196_BNG_pharynx.tsv,250000,500,50
648630,1196_BNG_pharynx.tsv,250000,500,100
648630,1196_BNG_pharynx.tsv,250000,1000,10
648630,1196_BNG_pharynx.tsv,250000,1000,20
648630,1196_BNG_pharynx.tsv,250000,1000,50
648630,1196_BNG_pharynx.tsv,250000,1000,100
648630,1196_BNG_pharynx.tsv,250000,2000,10
648630,1196_BNG_pharynx.tsv,250000,2000,20
648630,1196_BNG_pharynx.tsv,250000,2000,50
648630,1196_BNG_pharynx.tsv,250000,2000,100
648630,1196_BNG_pharynx.tsv,250000,5000,10
648630,1196_BNG_pharynx.tsv,250000,5000,20
648630,1196_BNG_pharynx.tsv,250000,5000,50
648630,1196_BNG_pharynx.tsv,250000,5000,100
648630,1196_BNG_pharynx.tsv,250000,10000,10
648630,1196_BNG_pharynx.tsv,250000,10000,20
648630,1196_BNG_pharynx.tsv,250000,10000,50
648630,1196_BNG_pharynx.tsv,250000,10000,100
648630,1196_BNG_pharynx.tsv,500000,200,10
648630,1196_BNG_pharynx.tsv,500000,200,20
648630,1196_BNG_pharynx.tsv,500000,200,50
648630,1196_BNG_pharynx.tsv,500000,200,100
648630,1196_BNG_pharynx.tsv,500000,500,10
648630,1196_BNG_pharynx.tsv,500000,500,20
648630,1196_BNG_pharynx.tsv,500000,500,50
648630,1196_BNG_pharynx.tsv,500000,500,100
648630,1196_BNG_pharynx.tsv,500000,1000,10
648630,1196_BNG_pharynx.tsv,500000,1000,20
648630,1196_BNG_pharynx.tsv,500000,1000,50
648630,1196_BNG_pharynx.tsv,500000,1000,100
648630,1196_BNG_pharynx.tsv,500000,2000,10
648630,1196_BNG_pharynx.tsv,500000,2000,20
648630,1196_BNG_pharynx.tsv,500000,2000,50
648630,1196_BNG_pharynx.tsv,500000,2000,100
648630,1196_BNG_pharynx.tsv,500000,5000,10
648630,1196_BNG_pharynx.tsv,500000,5000,20
648630,1196_BNG_pharynx.tsv,500000,5000,50
648630,1196_BNG_pharynx.tsv,500000,5000,100
648630,1196_BNG_pharynx.tsv,500000,10000,10
648630,1196_BNG_pharynx.tsv,500000,10000,20
648630,1196_BNG_pharynx.tsv,500000,10000,50
648630,1196_BNG_pharynx.tsv,500000,10000,100
648630,1595_poker.tsv,100000,200,10
648630,1595_poker.tsv,100000,200,20
648630,1595_poker.tsv,100000,200,50
648630,1595_poker.tsv,100000,200,100
648630,1595_poker.tsv,100000,500,10
648630,1595_poker.tsv,100000,500,20
648630,1595_poker.tsv,100000,500,50
648630,1595_poker.tsv,100000,500,100
648630,1595_poker.tsv,100000,1000,10
648630,1595_poker.tsv,100000,1000,20
648630,1595_poker.tsv,100000,1000,50
648630,1595_poker.tsv,100000,1000,100
648630,1595_poker.tsv,100000,2000,10
648630,1595_poker.tsv,100000,2000,20
648630,1595_poker.tsv,100000,2000,50
648630,1595_poker.tsv,100000,2000,100
648630,1595_poker.tsv,100000,5000,10
648630,1595_poker.tsv,100000,5000,20
648630,1595_poker.tsv,100000,5000,50
648630,1595_poker.tsv,100000,5000,100
648630,1595_poker.tsv,100000,10000,10
648630,1595_poker.tsv,100000,10000,20
648630,1595_poker.tsv,100000,10000,50
648630,1595_poker.tsv,100000,10000,100
648630,1595_poker.tsv,250000,200,10
648630,1595_poker.tsv,250000,200,20
648630,1595_poker.tsv,250000,200,50
648630,1595_poker.tsv,250000,200,100
648630,1595_poker.tsv,250000,500,10
648630,1595_poker.tsv,250000,500,20
648630,1595_poker.tsv,250000,500,50
648630,1595_poker.tsv,250000,500,100
648630,1595_poker.tsv,250000,1000,10
648630,1595_poker.tsv,250000,1000,20
648630,1595_poker.tsv,250000,1000,50
648630,1595_poker.tsv,250000,1000,100
648630,1595_poker.tsv,250000,2000,10
648630,1595_poker.tsv,250000,2000,20
648630,1595_poker.tsv,250000,2000,50
648630,1595_poker.tsv,250000,2000,100
648630,1595_poker.tsv,250000,5000,10
648630,1595_poker.tsv,250000,5000,20
648630,1595_poker.tsv,250000,5000,50
648630,1595_poker.tsv,250000,5000,100
648630,1595_poker.tsv,250000,10000,10
648630,1595_poker.tsv,250000,10000,20
648630,1595_poker.tsv,250000,10000,50
648630,1595_poker.tsv,250000,10000,100
648630,1595_poker.tsv,500000,200,10
648630,1595_poker.tsv,500000,200,20
648630,1595_poker.tsv,500000,200,50
648630,1595_poker.tsv,500000,200,100
648630,1595_poker.tsv,500000,500,10
648630,1595_poker.tsv,500000,500,20
648630,1595_poker.tsv,500000,500,50
648630,1595_poker.tsv,500000,500,100
648630,1595_poker.tsv,500000,1000,10
648630,1595_poker.tsv,500000,1000,20
648630,1595_poker.tsv,500000,1000,50
648630,1595_poker.tsv,500000,1000,100
648630,1595_poker.tsv,500000,2000,10
648630,1595_poker.tsv,500000,2000,20
648630,1595_poker.tsv,500000,2000,50
648630,1595_poker.tsv,500000,2000,100
648630,1595_poker.tsv,500000,5000,10
648630,1595_poker.tsv,500000,5000,20
648630,1595_poker.tsv,500000,5000,50
648630,1595_poker.tsv,500000,5000,100
648630,1595_poker.tsv,500000,10000,10
648630,1595_poker.tsv,500000,10000,20
648630,1595_poker.tsv,500000,10000,50
648630,1595_poker.tsv,500000,10000,100
