55414,1191_BNG_pbc.tsv,100000,200,10
55414,1191_BNG_pbc.tsv,100000,200,20
55414,1191_BNG_pbc.tsv,100000,200,50
55414,1191_BNG_pbc.tsv,100000,200,100
55414,1191_BNG_pbc.tsv,100000,500,10
55414,1191_BNG_pbc.tsv,100000,500,20
55414,1191_BNG_pbc.tsv,100000,500,50
55414,1191_BNG_pbc.tsv,100000,500,100
55414,1191_BNG_pbc.tsv,100000,1000,10
55414,1191_BNG_pbc.tsv,100000,1000,20
55414,1191_BNG_pbc.tsv,100000,1000,50
55414,1191_BNG_pbc.tsv,100000,1000,100
55414,1191_BNG_pbc.tsv,100000,2000,10
55414,1191_BNG_pbc.tsv,100000,2000,20
55414,1191_BNG_pbc.tsv,100000,2000,50
55414,1191_BNG_pbc.tsv,100000,2000,100
55414,1191_BNG_pbc.tsv,100000,5000,10
55414,1191_BNG_pbc.tsv,100000,5000,20
55414,1191_BNG_pbc.tsv,100000,5000,50
55414,1191_BNG_pbc.tsv,100000,5000,100
55414,1191_BNG_pbc.tsv,100000,10000,10
55414,1191_BNG_pbc.tsv,100000,10000,20
55414,1191_BNG_pbc.tsv,100000,10000,50
55414,1191_BNG_pbc.tsv,100000,10000,100
55414,1191_BNG_pbc.tsv,250000,200,10
55414,1191_BNG_pbc.tsv,250000,200,20
55414,1191_BNG_pbc.tsv,250000,200,50
55414,1191_BNG_pbc.tsv,250000,200,100
55414,1191_BNG_pbc.tsv,250000,500,10
55414,1191_BNG_pbc.tsv,250000,500,20
55414,1191_BNG_pbc.tsv,250000,500,50
55414,1191_BNG_pbc.tsv,250000,500,100
55414,1191_BNG_pbc.tsv,250000,1000,10
55414,1191_BNG_pbc.tsv,250000,1000,20
55414,1191_BNG_pbc.tsv,250000,1000,50
55414,1191_BNG_pbc.tsv,250000,1000,100
55414,1191_BNG_pbc.tsv,250000,2000,10
55414,1191_BNG_pbc.tsv,250000,2000,20
55414,1191_BNG_pbc.tsv,250000,2000,50
55414,1191_BNG_pbc.tsv,250000,2000,100
55414,1191_BNG_pbc.tsv,250000,5000,10
55414,1191_BNG_pbc.tsv,250000,5000,20
55414,1191_BNG_pbc.tsv,250000,5000,50
55414,1191_BNG_pbc.tsv,250000,5000,100
55414,1191_BNG_pbc.tsv,250000,10000,10
55414,1191_BNG_pbc.tsv,250000,10000,20
55414,1191_BNG_pbc.tsv,250000,10000,50
55414,1191_BNG_pbc.tsv,250000,10000,100
55414,1191_BNG_pbc.tsv,500000,200,10
55414,1191_BNG_pbc.tsv,500000,200,20
55414,1191_BNG_pbc.tsv,500000,200,50
55414,1191_BNG_pbc.tsv,500000,200,100
55414,1191_BNG_pbc.tsv,500000,500,10
55414,1191_BNG_pbc.tsv,500000,500,20
55414,1191_BNG_pbc.tsv,500000,500,50
55414,1191_BNG_pbc.tsv,500000,500,100
55414,1191_BNG_pbc.tsv,500000,1000,10
55414,1191_BNG_pbc.tsv,500000,1000,20
55414,1191_BNG_pbc.tsv,500000,1000,50
55414,1191_BNG_pbc.tsv,500000,1000,100
55414,1191_BNG_pbc.tsv,500000,2000,10
55414,1191_BNG_pbc.tsv,500000,2000,20
55414,1191_BNG_pbc.tsv,500000,2000,50
55414,1191_BNG_pbc.tsv,500000,2000,100
55414,1191_BNG_pbc.tsv,500000,5000,10
55414,1191_BNG_pbc.tsv,500000,5000,20
55414,1191_BNG_pbc.tsv,500000,5000,50
55414,1191_BNG_pbc.tsv,500000,5000,100
55414,1191_BNG_pbc.tsv,500000,10000,10
55414,1191_BNG_pbc.tsv,500000,10000,20
55414,1191_BNG_pbc.tsv,500000,10000,50
55414,1191_BNG_pbc.tsv,500000,10000,100
55414,1196_BNG_pharynx.tsv,100000,200,10
55414,1196_BNG_pharynx.tsv,100000,200,20
55414,1196_BNG_pharynx.tsv,100000,200,50
55414,1196_BNG_pharynx.tsv,100000,200,100
55414,1196_BNG_pharynx.tsv,100000,500,10
55414,1196_BNG_pharynx.tsv,100000,500,20
55414,1196_BNG_pharynx.tsv,100000,500,50
55414,1196_BNG_pharynx.tsv,100000,500,100
55414,1196_BNG_pharynx.tsv,100000,1000,10
55414,1196_BNG_pharynx.tsv,100000,1000,20
55414,1196_BNG_pharynx.tsv,100000,1000,50
55414,1196_BNG_pharynx.tsv,100000,1000,100
55414,1196_BNG_pharynx.tsv,100000,2000,10
55414,1196_BNG_pharynx.tsv,100000,2000,20
55414,1196_BNG_pharynx.tsv,100000,2000,50
55414,1196_BNG_pharynx.tsv,100000,2000,100
55414,1196_BNG_pharynx.tsv,100000,5000,10
55414,1196_BNG_pharynx.tsv,100000,5000,20
55414,1196_BNG_pharynx.tsv,100000,5000,50
55414,1196_BNG_pharynx.tsv,100000,5000,100
55414,1196_BNG_pharynx.tsv,100000,10000,10
55414,1196_BNG_pharynx.tsv,100000,10000,20
55414,1196_BNG_pharynx.tsv,100000,10000,50
55414,1196_BNG_pharynx.tsv,100000,10000,100
55414,1196_BNG_pharynx.tsv,250000,200,10
55414,1196_BNG_pharynx.tsv,250000,200,20
55414,1196_BNG_pharynx.tsv,250000,200,50
55414,1196_BNG_pharynx.tsv,250000,200,100
55414,1196_BNG_pharynx.tsv,250000,500,10
55414,1196_BNG_pharynx.tsv,250000,500,20
55414,1196_BNG_pharynx.tsv,250000,500,50
55414,1196_BNG_pharynx.tsv,250000,500,100
55414,1196_BNG_pharynx.tsv,250000,1000,10
55414,1196_BNG_pharynx.tsv,250000,1000,20
55414,1196_BNG_pharynx.tsv,250000,1000,50
55414,1196_BNG_pharynx.tsv,250000,1000,100
55414,1196_BNG_pharynx.tsv,250000,2000,10
55414,1196_BNG_pharynx.tsv,250000,2000,20
55414,1196_BNG_pharynx.tsv,250000,2000,50
55414,1196_BNG_pharynx.tsv,250000,2000,100
55414,1196_BNG_pharynx.tsv,250000,5000,10
55414,1196_BNG_pharynx.tsv,250000,5000,20
55414,1196_BNG_pharynx.tsv,250000,5000,50
55414,1196_BNG_pharynx.tsv,250000,5000,100
55414,1196_BNG_pharynx.tsv,250000,10000,10
55414,1196_BNG_pharynx.tsv,250000,10000,20
55414,1196_BNG_pharynx.tsv,250000,10000,50
55414,1196_BNG_pharynx.tsv,250000,10000,100
55414,1196_BNG_pharynx.tsv,500000,200,10
55414,1196_BNG_pharynx.tsv,500000,200,20
55414,1196_BNG_pharynx.tsv,500000,200,50
55414,1196_BNG_pharynx.tsv,500000,200,100
55414,1196_BNG_pharynx.tsv,500000,500,10
55414,1196_BNG_pharynx.tsv,500000,500,20
55414,1196_BNG_pharynx.tsv,500000,500,50
55414,1196_BNG_pharynx.tsv,500000,500,100
55414,1196_BNG_pharynx.tsv,500000,1000,10
55414,1196_BNG_pharynx.tsv,500000,1000,20
55414,1196_BNG_pharynx.tsv,500000,1000,50
55414,1196_BNG_pharynx.tsv,500000,1000,100
55414,1196_BNG_pharynx.tsv,500000,2000,10
55414,1196_BNG_pharynx.tsv,500000,2000,20
55414,1196_BNG_pharynx.tsv,500000,2000,50
55414,1196_BNG_pharynx.tsv,500000,2000,100
55414,1196_BNG_pharynx.tsv,500000,5000,10
55414,1196_BNG_pharynx.tsv,500000,5000,20
55414,1196_BNG_pharynx.tsv,500000,5000,50
55414,1196_BNG_pharynx.tsv,500000,5000,100
55414,1196_BNG_pharynx.tsv,500000,10000,10
55414,1196_BNG_pharynx.tsv,500000,10000,20
55414,1196_BNG_pharynx.tsv,500000,10000,50
55414,1196_BNG_pharynx.tsv,500000,10000,100
55414,1595_poker.tsv,100000,200,10
55414,1595_poker.tsv,100000,200,20
55414,1595_poker.tsv,100000,200,50
55414,1595_poker.tsv,100000,200,100
55414,1595_poker.tsv,100000,500,10
55414,1595_poker.tsv,100000,500,20
55414,1595_poker.tsv,100000,500,50
55414,1595_poker.tsv,100000,500,100
55414,1595_poker.tsv,100000,1000,10
55414,1595_poker.tsv,100000,1000,20
55414,1595_poker.tsv,100000,1000,50
55414,1595_poker.tsv,100000,1000,100
55414,1595_poker.tsv,100000,2000,10
55414,1595_poker.tsv,100000,2000,20
55414,1595_poker.tsv,100000,2000,50
55414,1595_poker.tsv,100000,2000,100
55414,1595_poker.tsv,100000,5000,10
55414,1595_poker.tsv,100000,5000,20
55414,1595_poker.tsv,100000,5000,50
55414,1595_poker.tsv,100000,5000,100
55414,1595_poker.tsv,100000,10000,10
55414,1595_poker.tsv,100000,10000,20
55414,1595_poker.tsv,100000,10000,50
55414,1595_poker.tsv,100000,10000,100
55414,1595_poker.tsv,250000,200,10
55414,1595_poker.tsv,250000,200,20
55414,1595_poker.tsv,250000,200,50
55414,1595_poker.tsv,250000,200,100
55414,1595_poker.tsv,250000,500,10
55414,1595_poker.tsv,250000,500,20
55414,1595_poker.tsv,250000,500,50
55414,1595_poker.tsv,250000,500,100
55414,1595_poker.tsv,250000,1000,10
55414,1595_poker.tsv,250000,1000,20
55414,1595_poker.tsv,250000,1000,50
55414,1595_poker.tsv,250000,1000,100
55414,1595_poker.tsv,250000,2000,10
55414,1595_poker.tsv,250000,2000,20
55414,1595_poker.tsv,250000,2000,50
55414,1595_poker.tsv,250000,2000,100
55414,1595_poker.tsv,250000,5000,10
55414,1595_poker.tsv,250000,5000,20
55414,1595_poker.tsv,250000,5000,50
55414,1595_poker.tsv,250000,5000,100
55414,1595_poker.tsv,250000,10000,10
55414,1595_poker.tsv,250000,10000,20
55414,1595_poker.tsv,250000,10000,50
55414,1595_poker.tsv,250000,10000,100
55414,1595_poker.tsv,500000,200,10
55414,1595_poker.tsv,500000,200,20
55414,1595_poker.tsv,500000,200,50
55414,1595_poker.tsv,500000,200,100
55414,1595_poker.tsv,500000,500,10
55414,1595_poker.tsv,500000,500,20
55414,1595_poker.tsv,500000,500,50
55414,1595_poker.tsv,500000,500,100
55414,1595_poker.tsv,500000,1000,10
55414,1595_poker.tsv,500000,1000,20
55414,1595_poker.tsv,500000,1000,50
55414,1595_poker.tsv,500000,1000,100
55414,1595_poker.tsv,500000,2000,10
55414,1595_poker.tsv,500000,2000,20
55414,1595_poker.tsv,500000,2000,50
55414,1595_poker.tsv,500000,2000,100
55414,1595_poker.tsv,500000,5000,10
55414,1595_poker.tsv,500000,5000,20
55414,1595_poker.tsv,500000,5000,50
55414,1595_poker.tsv,500000,5000,100
55414,1595_poker.tsv,500000,10000,10
55414,1595_poker.tsv,500000,10000,20
55414,1595_poker.tsv,500000,10000,50
55414,1595_poker.tsv,500000,10000,100
246723,1191_BNG_pbc.tsv,100000,200,10
246723,1191_BNG_pbc.tsv,100000,200,20
246723,1191_BNG_pbc.tsv,100000,200,50
246723,1191_BNG_pbc.tsv,100000,200,100
246723,1191_BNG_pbc.tsv,100000,500,10
246723,1191_BNG_pbc.tsv,100000,500,20
246723,1191_BNG_pbc.tsv,100000,500,50
246723,1191_BNG_pbc.tsv,100000,500,100
246723,1191_BNG_pbc.tsv,100000,1000,10
246723,1191_BNG_pbc.tsv,100000,1000,20
246723,1191_BNG_pbc.tsv,100000,1000,50
246723,1191_BNG_pbc.tsv,100000,1000,100
246723,1191_BNG_pbc.tsv,100000,2000,10
246723,1191_BNG_pbc.tsv,100000,2000,20
246723,1191_BNG_pbc.tsv,100000,2000,50
246723,1191_BNG_pbc.tsv,100000,2000,100
246723,1191_BNG_pbc.tsv,100000,5000,10
246723,1191_BNG_pbc.tsv,100000,5000,20
246723,1191_BNG_pbc.tsv,100000,5000,50
246723,1191_BNG_pbc.tsv,100000,5000,100
246723,1191_BNG_pbc.tsv,100000,10000,10
246723,1191_BNG_pbc.tsv,100000,10000,20
246723,1191_BNG_pbc.tsv,100000,10000,50
246723,1191_BNG_pbc.tsv,100000,10000,100
246723,1191_BNG_pbc.tsv,250000,200,10
246723,1191_BNG_pbc.tsv,250000,200,20
246723,1191_BNG_pbc.tsv,250000,200,50
246723,1191_BNG_pbc.tsv,250000,200,100
246723,1191_BNG_pbc.tsv,250000,500,10
246723,1191_BNG_pbc.tsv,250000,500,20
246723,1191_BNG_pbc.tsv,250000,500,50
246723,1191_BNG_pbc.tsv,250000,500,100
246723,1191_BNG_pbc.tsv,250000,1000,10
246723,1191_BNG_pbc.tsv,250000,1000,20
246723,1191_BNG_pbc.tsv,250000,1000,50
246723,1191_BNG_pbc.tsv,250000,1000,100
246723,1191_BNG_pbc.tsv,250000,2000,10
246723,1191_BNG_pbc.tsv,250000,2000,20
246723,1191_BNG_pbc.tsv,250000,2000,50
246723,1191_BNG_pbc.tsv,250000,2000,100
246723,1191_BNG_pbc.tsv,250000,5000,10
246723,1191_BNG_pbc.tsv,250000,5000,20
246723,1191_BNG_pbc.tsv,250000,5000,50
246723,1191_BNG_pbc.tsv,250000,5000,100
246723,1191_BNG_pbc.tsv,250000,10000,10
246723,1191_BNG_pbc.tsv,250000,10000,20
246723,1191_BNG_pbc.tsv,250000,10000,50
246723,1191_BNG_pbc.tsv,250000,10000,100
246723,1191_BNG_pbc.tsv,500000,200,10
246723,1191_BNG_pbc.tsv,500000,200,20
246723,1191_BNG_pbc.tsv,500000,200,50
246723,1191_BNG_pbc.tsv,500000,200,100
246723,1191_BNG_pbc.tsv,500000,500,10
246723,1191_BNG_pbc.tsv,500000,500,20
246723,1191_BNG_pbc.tsv,500000,500,50
246723,1191_BNG_pbc.tsv,500000,500,100
246723,1191_BNG_pbc.tsv,500000,1000,10
246723,1191_BNG_pbc.tsv,500000,1000,20
246723,1191_BNG_pbc.tsv,500000,1000,50
246723,1191_BNG_pbc.tsv,500000,1000,100
246723,1191_BNG_pbc.tsv,500000,2000,10
246723,1191_BNG_pbc.tsv,500000,2000,20
246723,1191_BNG_pbc.tsv,500000,2000,50
246723,1191_BNG_pbc.tsv,500000,2000,100
246723,1191_BNG_pbc.tsv,500000,5000,10
246723,1191_BNG_pbc.tsv,500000,5000,20
246723,1191_BNG_pbc.tsv,500000,5000,50
246723,1191_BNG_pbc.tsv,500000,5000,100
246723,1191_BNG_pbc.tsv,500000,10000,10
246723,1191_BNG_pbc.tsv,500000,10000,20
246723,1191_BNG_pbc.tsv,500000,10000,50
246723,1191_BNG_pbc.tsv,500000,10000,100
246723,1196_BNG_pharynx.tsv,100000,200,10
246723,1196_BNG_pharynx.tsv,100000,200,20
246723,1196_BNG_pharynx.tsv,100000,200,50
246723,1196_BNG_pharynx.tsv,100000,200,100
246723,1196_BNG_pharynx.tsv,100000,500,10
246723,1196_BNG_pharynx.tsv,100000,500,20
246723,1196_BNG_pharynx.tsv,100000,500,50
246723,1196_BNG_pharynx.tsv,100000,500,100
246723,1196_BNG_pharynx.tsv,100000,1000,10
246723,1196_BNG_pharynx.tsv,100000,1000,20
246723,1196_BNG_pharynx.tsv,100000,1000,50
246723,1196_BNG_pharynx.tsv,100000,1000,100
246723,1196_BNG_pharynx.tsv,100000,2000,10
246723,1196_BNG_pharynx.tsv,100000,2000,20
246723,1196_BNG_pharynx.tsv,100000,2000,50
246723,1196_BNG_pharynx.tsv,100000,2000,100
246723,1196_BNG_pharynx.tsv,100000,5000,10
246723,1196_BNG_pharynx.tsv,100000,5000,20
246723,1196_BNG_pharynx.tsv,100000,5000,50
246723,1196_BNG_pharynx.tsv,100000,5000,100
246723,1196_BNG_pharynx.tsv,100000,10000,10
246723,1196_BNG_pharynx.tsv,100000,10000,20
246723,1196_BNG_pharynx.tsv,100000,10000,50
246723,1196_BNG_pharynx.tsv,100000,10000,100
246723,1196_BNG_pharynx.tsv,250000,200,10
246723,1196_BNG_pharynx.tsv,250000,200,20
246723,1196_BNG_pharynx.tsv,250000,200,50
246723,1196_BNG_pharynx.tsv,250000,200,100
246723,1196_BNG_pharynx.tsv,250000,500,10
246723,1196_BNG_pharynx.tsv,250000,500,20
246723,1196_BNG_pharynx.tsv,250000,500,50
246723,1196_BNG_pharynx.tsv,250000,500,100
246723,1196_BNG_pharynx.tsv,250000,1000,10
246723,1196_BNG_pharynx.tsv,250000,1000,20
246723,1196_BNG_pharynx.tsv,250000,1000,50
246723,1196_BNG_pharynx.tsv,250000,1000,100
246723,1196_BNG_pharynx.tsv,250000,2000,10
246723,1196_BNG_pharynx.tsv,250000,2000,20
246723,1196_BNG_pharynx.tsv,250000,2000,50
246723,1196_BNG_pharynx.tsv,250000,2000,100
246723,1196_BNG_pharynx.tsv,250000,5000,10
246723,1196_BNG_pharynx.tsv,250000,5000,20
246723,1196_BNG_pharynx.tsv,250000,5000,50
246723,1196_BNG_pharynx.tsv,250000,5000,100
246723,1196_BNG_pharynx.tsv,250000,10000,10
246723,1196_BNG_pharynx.tsv,250000,10000,20
246723,1196_BNG_pharynx.tsv,250000,10000,50
246723,1196_BNG_pharynx.tsv,250000,10000,100
246723,1196_BNG_pharynx.tsv,500000,200,10
246723,1196_BNG_pharynx.tsv,500000,200,20
246723,1196_BNG_pharynx.tsv,500000,200,50
246723,1196_BNG_pharynx.tsv,500000,200,100
246723,1196_BNG_pharynx.tsv,500000,500,10
246723,1196_BNG_pharynx.tsv,500000,500,20
246723,1196_BNG_pharynx.tsv,500000,500,50
246723,1196_BNG_pharynx.tsv,500000,500,100
246723,1196_BNG_pharynx.tsv,500000,1000,10
246723,1196_BNG_pharynx.tsv,500000,1000,20
246723,1196_BNG_pharynx.tsv,500000,1000,50
246723,1196_BNG_pharynx.tsv,500000,1000,100
246723,1196_BNG_pharynx.tsv,500000,2000,10
246723,1196_BNG_pharynx.tsv,500000,2000,20
246723,1196_BNG_pharynx.tsv,500000,2000,50
246723,1196_BNG_pharynx.tsv,500000,2000,100
246723,1196_BNG_pharynx.tsv,500000,5000,10
246723,1196_BNG_pharynx.tsv,500000,5000,20
246723,1196_BNG_pharynx.tsv,500000,5000,50
246723,1196_BNG_pharynx.tsv,500000,5000,100
246723,1196_BNG_pharynx.tsv,500000,10000,10
246723,1196_BNG_pharynx.tsv,500000,10000,20
246723,1196_BNG_pharynx.tsv,500000,10000,50
246723,1196_BNG_pharynx.tsv,500000,10000,100
246723,1595_poker.tsv,100000,200,10
246723,1595_poker.tsv,100000,200,20
246723,1595_poker.tsv,100000,200,50
246723,1595_poker.tsv,100000,200,100
246723,1595_poker.tsv,100000,500,10
246723,1595_poker.tsv,100000,500,20
246723,1595_poker.tsv,100000,500,50
246723,1595_poker.tsv,100000,500,100
246723,1595_poker.tsv,100000,1000,10
246723,1595_poker.tsv,100000,1000,20
246723,1595_poker.tsv,100000,1000,50
246723,1595_poker.tsv,100000,1000,100
246723,1595_poker.tsv,100000,2000,10
246723,1595_poker.tsv,100000,2000,20
246723,1595_poker.tsv,100000,2000,50
246723,1595_poker.tsv,100000,2000,100
246723,1595_poker.tsv,100000,5000,10
246723,1595_poker.tsv,100000,5000,20
246723,1595_poker.tsv,100000,5000,50
246723,1595_poker.tsv,100000,5000,100
246723,1595_poker.tsv,100000,10000,10
246723,1595_poker.tsv,100000,10000,20
246723,1595_poker.tsv,100000,10000,50
246723,1595_poker.tsv,100000,10000,100
246723,1595_poker.tsv,250000,200,10
246723,1595_poker.tsv,250000,200,20
246723,1595_poker.tsv,250000,200,50
246723,1595_poker.tsv,250000,200,100
246723,1595_poker.tsv,250000,500,10
246723,1595_poker.tsv,250000,500,20
246723,1595_poker.tsv,250000,500,50
246723,1595_poker.tsv,250000,500,100
246723,1595_poker.tsv,250000,1000,10
246723,1595_poker.tsv,250000,1000,20
246723,1595_poker.tsv,250000,1000,50
246723,1595_poker.tsv,250000,1000,100
246723,1595_poker.tsv,250000,2000,10
246723,1595_poker.tsv,250000,2000,20
246723,1595_poker.tsv,250000,2000,50
246723,1595_poker.tsv,250000,2000,100
246723,1595_poker.tsv,250000,5000,10
246723,1595_poker.tsv,250000,5000,20
246723,1595_poker.tsv,250000,5000,50
246723,1595_poker.tsv,250000,5000,100
246723,1595_poker.tsv,250000,10000,10
246723,1595_poker.tsv,250000,10000,20
246723,1595_poker.tsv,250000,10000,50
246723,1595_poker.tsv,250000,10000,100
246723,1595_poker.tsv,500000,200,10
246723,1595_poker.tsv,500000,200,20
246723,1595_poker.tsv,500000,200,50
246723,1595_poker.tsv,500000,200,100
246723,1595_poker.tsv,500000,500,10
246723,1595_poker.tsv,500000,500,20
246723,1595_poker.tsv,500000,500,50
246723,1595_poker.tsv,500000,500,100
246723,1595_poker.tsv,500000,1000,10
246723,1595_poker.tsv,500000,1000,20
246723,1595_poker.tsv,500000,1000,50
246723,1595_poker.tsv,500000,1000,100
246723,1595_poker.tsv,500000,2000,10
246723,1595_poker.tsv,500000,2000,20
246723,1595_poker.tsv,500000,2000,50
246723,1595_poker.tsv,500000,2000,100
246723,1595_poker.tsv,500000,5000,10
246723,1595_poker.tsv,500000,5000,20
246723,1595_poker.tsv,500000,5000,50
246723,1595_poker.tsv,500000,5000,100
246723,1595_poker.tsv,500000,10000,10
246723,1595_poker.tsv,500000,10000,20
246723,1595_poker.tsv,500000,10000,50
246723,1595_poker.tsv,500000,10000,100
